2495;2991306.1
2644;1041994.2
2789;519144.6
2808;5912217.8
2915;489237.5
3179;536764.2
3241;416811.6
3299;400629.7
334;3249341.5
3786;345487.0
323;419893.4
3378;1148579.8
351;2149286.0
361;377907.2
3660;325489.6
3728;997892.6
387;809501.2
4215;2485746.5
4638;1806192.5
4765;786250.4
10703;1183155.2
1100;972136.6
112;2284009.9
13404;801480.1
1470;1713532.8
1728;726652.5
2587;2662541.1
2799;1926136.8
2896;782350.4
3074;1829847.9
2031;527519.2
2149;581821.8
2155;1539783.0
2224;143060.9
2349;1402699.6
2701;765102.4
2702;337685.0
308;2094646.1
3090;1089121.9
348;1672909.4
2353;654013.2
2572;2017303.1
2669;344804.4
3060;743268.4
3162;383446.0
3468;278174.7
4278;779980.0
4717;55878.3
5362;415681.9
59;1924197.2
440;1597891.8
4438;938246.0
520;1030142.5
5275;5256325.4
5323;882177.2
5527;940579.0
6789;5338875.1
7815;5558597.4
7970;588538.8
826;2448011.4
11976;652131.3
1322;681311.6
1454;516086.8
1610;2095563.5
1733;409390.7
2209;685725.2
221;716561.7
2210;685725.2
2277;811295.2
2601;426734.2
1007;439882.5
1060;915063.0
1294;384568.3
1337;463588.5
1639;2721401.2
166;54000.0
1777;138394.8
1792;360468.5
1822;291092.6
1995;804356.7
1323;543471.4
1502;287206.6
1799;3427983.7
2205;1735368.0
2274;423765.9
2376;187038.0
2480;579431.8
2673;3462100.0
268;628534.7
2744;1017732.6
4232;320310.3
4313;1154652.8
4314;379701.7
4498;381209.4
4639;718731.3
525;511082.3
7324;958783.4
77;5883788.4
89;1089254.5
904;515836.7
4347;806234.5
4384;185730.0
4459;79344.4
4666;580137.1
4680;956007.7
5203;2933358.4
5277;380259.9
5312;4100325.0
5318;4513076.7
5860;1231220.4
9313;1195123.0
10543;3586181.2
11977;652131.3
13468;806993.1
1356;218887.8
1382;337824.7
13924;1611934.0
1785;177332.7
1875;443184.8
194;475231.3
2168;135744.0
4121;326041.4
4191;785232.9
4290;2337602.7
530;909560.3
10702;1183155.2
1190;732742.3
1311;4036779.8
1468;289887.1
1533;923856.3
1790;439326.1
2105;42535.1
263;3623277.8
2688;7337128.4
2770;1128402.2
4022;191876.1
4202;966364.9
4285;884618.0
436;405837.2
4605;618726.4
4735;523131.8
5247;896973.2
709;116974.1
7855;419999.8
901;578857.8
1059;915063.0
12468;1988326.3
1667;176011.3
1682;596900.9
2008;1386720.5
2484;210867.9
2584;2780319.5
2636;722391.4
2658;177658.2
3152;966972.1
2395;2928211.2
2716;1088049.7
2726;159936.1
3097;143406.8
3236;2377633.5
3304;1209362.2
4000;1040668.1
4559;3572231.6
6798;1874581.9
6978;1367245.1
10046;3775132.7
1177;1563386.4
122;1287447.4
1471;1713532.8
1564;1373648.6
1950;138801.5
2176;1625920.4
2254;600847.7
2643;574437.8
293;1386529.1
209;3087298.8
2125;300083.8
2186;3683027.2
2265;1952018.2
2383;68744.8
239;3290033.2
2984;2034365.8
3119;537706.6
3320;4696677.3
3525;907876.0
490;1595719.6
494;674251.8
4993;2250477.7
5050;1532034.9
5409;4773864.4
5774;1247462.4
6936;3512796.9
715;2599793.1
79;3648618.5
864;411490.2
2663;390335.5
3011;4876131.6
3012;67256.0
3030;2743272.8
3066;666016.4
314;812542.4
3275;696881.5
3317;665850.5
3383;4512295.4
3671;3430808.2
391;627889.1
4025;1105521.3
4170;1380564.6
4230;1614278.6
4328;1893781.9
4585;1439458.0
4700;740517.9
5253;3428217.2
793;615958.5
899;425401.8
2995;1509918.6
4048;290686.4
4218;94100.0
4293;6363065.7
4518;4249385.4
561;1500492.2
680;1386970.0
9370;1533861.9
3423;70224.2
3543;5301870.5
3651;159193.2
3677;2081939.3
3825;1690636.7
3972;187372.7
4047;858938.0
4219;1200415.3
4383;2053848.3
4433;1922203.8
5606;1244325.2
599;2852262.4
6619;2750821.0
7678;3476497.2
10275;1903252.8
1211;618921.8
1423;253792.2
1600;1379380.8
1806;2087699.2
1894;221700.9
2033;666387.9
211;2703598.7
2197;6088842.0
2909;799912.1
275;191976.3
2923;234727.1
2960;172981.5
3005;798998.2
3067;1490791.9
3129;1234872.6
3130;1466990.8
3303;1356693.4
3384;833079.7
3388;491948.2
4671;930997.4
4674;1137255.7
5402;3362146.8
689;5774233.5
746;1634260.9
855;288978.2
882;158008.8
9340;1702445.2
2087;124100.0
2130;1580309.3
2316;1818290.9
2394;1325883.4
333;896531.1
3547;207817.5
3586;1480626.6
3613;3234218.7
3854;746946.5
3893;1443175.0
3292;2136748.3
3457;822623.9
3567;422743.5
3614;407554.5
4040;480436.1
4050;1299560.1
4321;227063.0
4592;240727.9
4770;804092.3
5858;2972808.0
2880;995552.0
3211;5616257.0
3218;401171.3
3324;1686455.3
4152;131959.3
4178;789194.5
4423;587462.7
4718;674156.7
508;2788856.3
6275;1791805.8
3298;5061382.8
3762;1551148.9
3829;4334545.7
3938;149579.3
4233;3186423.7
469;1140471.2
5126;3113303.9
5319;4513076.7
583;5562648.7
72;701098.5
529;408083.2
5379;244905.6
608;1050110.2
674;273688.3
76;1364849.1
942;308208.7
12991;2798222.5
13095;1821385.4
13201;5218863.6
13673;1043600.7
1691;2615500.1
1920;309738.4
2059;264036.1
2078;907736.9
216;588663.2
2398;169480.2
1104;943529.6
12643;2187977.4
13051;1229900.6
13406;4190954.1
13451;6605909.7
1349;3292070.2
1418;870596.9
1485;2197162.3
1956;471871.6
2200;2652115.8
836;3306234.6
10639;1530267.7
1136;784218.7
13171;1382074.1
13447;3492585.4
1758;935509.1
2085;521933.8
2305;1560257.1
2578;2916988.3
2738;991414.8
2778;2295253.7
2478;478434.5
2576;1328054.4
2708;1450464.9
2749;214130.1
3379;1148579.8
3429;1423110.3
3447;366280.6
3452;1830366.3
3807;335946.5
4698;2910843.8
4271;3248434.6
4310;448409.0
479;4138757.9
4863;4334780.9
5326;1723291.1
6753;3683431.0
692;879281.3
787;802448.4
796;299447.9
951;486971.4
1004;157383.0
11083;1839303.2
12729;786502.2
13657;5667989.8
1431;351893.0
1514;1322878.4
1877;284342.2
1906;125673.5
1965;2098258.1
2056;1164190.3
1006;439882.5
13931;3299082.2
1462;478117.1
1543;825599.6
1608;745292.8
1648;1058698.5
1753;538615.0
202;2755587.3
2442;687633.3
248;558998.2
11709;1240929.8
12730;786502.2
1276;417542.5
13123;5504312.7
1424;783211.9
1812;3294422.6
2009;71954.0
2018;2937406.6
2157;3763808.3
218;1256057.3
4606;2645011.9
4756;1442040.7
5243;3444481.0
6015;1961140.5
6417;5270595.5
9403;2579783.1
9844;3436975.1
2412;317244.8
2613;1755582.1
3295;1362686.0
3409;107167.6
3487;1122000.8
3563;636964.2
3816;874891.1
3877;1189516.3
4257;3515869.4
4627;3018912.8
491;165155.3
3832;862601.3
4070;1014574.1
4203;405880.2
4422;1101360.5
4655;1162185.0
4746;401071.4
5013;962416.1
827;1174337.3
879;1128266.7
971;342540.7
82;919370.5
11516;2600702.4
1504;614569.1
1547;142877.3
1603;169963.6
1604;169963.6
1742;1187008.7
1999;791860.6
2256;142155.4
2346;1321271.5
2890;501799.4
10510;5676384.1
10813;848718.9
10987;349182.7
1710;1901742.1
1994;2227684.9
2025;507818.7
2134;322307.3
2151;170422.6
2177;1766921.6
2181;4930930.5
2884;1434470.3
3156;1161755.0
3158;378074.0
3184;2361947.1
3190;148319.1
3258;4058206.1
3344;582145.2
3500;435545.4
3617;489644.9
3704;445622.2
2609;1402060.7
261;705211.7
2653;826454.6
2670;695732.6
2834;2891616.0
3135;2817664.4
3178;4591076.8
3531;387659.6
3678;190156.7
4002;616252.7
1122;266994.8
1129;334046.3
11337;959203.9
1239;7327494.1
1248;2143005.4
1264;920504.4
13134;2249068.3
1321;166758.1
1628;3443315.1
2007;1156049.6
1763;45000.0
1983;967126.5
2289;2137346.3
2384;68744.8
2405;424212.9
2425;1674050.5
2577;328716.0
2614;527666.6
2985;2034365.8
3359;1235837.9
1050;305176.3
114;6757999.1
1317;1228445.3
1582;253356.9
1646;132695.2
1744;345740.9
242;1042536.6
2897;227590.7
2986;187818.5
3257;2534080.6
1044;1982795.8
1217;176594.3
141;625731.6
1413;182698.3
148;657448.6
173;229652.9
180;544394.0
1891;345134.3
2133;322307.3
2141;2229689.7
838;885414.6
84;2700153.5
648;432115.3
777;562061.8
849;70800.0
9945;4178734.3
12383;1804759.2
1285;1129543.2
1474;1538549.6
1590;984249.2
1848;174323.3
1862;4331947.6
1985;828210.2
2364;1320040.0
2487;232693.1
2924;289828.7
1912;1351835.7
1998;209395.9
2214;2342593.3
225;700842.5
2320;1136802.6
235;291780.8
2786;1745298.3
2999;2306769.2
312;807606.9
3242;416811.6
1153;303512.8
1364;383600.0
1366;4307413.2
1546;142877.3
2114;542618.0
2472;194933.6
2499;824483.8
2515;1673768.3
2651;3054254.5
2969;141884.9
2317;797978.5
2543;4869950.0
2618;1941602.1
3277;81505.9
3412;446417.6
3573;4766297.7
3979;552818.6
3992;1481000.7
4180;344248.9
4377;2475849.7
2249;871950.7
2392;3949886.5
2531;786362.5
2718;554318.2
272;1060503.9
2948;928338.2
2964;1003732.4
2980;213302.8
3250;410954.9
3365;549283.5
3072;1141397.8
3131;191220.8
3529;825219.8
3532;1151331.3
3814;802327.8
3944;6279458.8
4117;143378.8
4131;502909.6
4163;220167.8
4182;1179616.8
4701;1234084.2
695;855032.7
7166;2008837.1
8;651521.1
2350;1402699.6
2403;5087283.2
2522;2327661.2
2588;546294.1
2703;186487.4
3118;147469.9
3300;455519.7
3702;212483.9
3747;519837.2
3911;3141898.3
3128;1701272.4
3161;971076.0
3255;1121549.3
327;2372323.2
3307;2693556.6
3707;795676.1
3837;558864.0
4245;253809.9
4291;814337.5
4526;2713169.8
2268;2479046.2
2359;2171199.5
2555;3936100.7
2597;287701.3
27;304708.3
2892;518513.9
3002;480413.3
3333;704333.5
3339;297407.9
3534;1705472.1
11380;1966499.2
1139;2564369.5
1419;594889.7
1559;1463158.1
1946;6031155.8
2187;712229.0
2342;793190.9
2712;1534226.9
3038;1853760.3
3436;801305.2
11266;527112.7
1134;4320947.6
11545;2898461.5
1196;911133.2
1271;1518533.4
1339;1777641.7
1404;2909421.5
1577;190988.3
1611;1137205.7
1750;2644124.7
1208;3264018.2
136;354297.9
13971;1470105.5
1796;663612.9
1847;1015522.8
1921;967530.3
1927;1185270.9
198;281452.5
2086;33400.0
290;993933.8
5144;681066.0
6185;881000.0
6481;970317.2
799;1093679.3
8611;798852.7
9606;3045525.0
967;2096871.9
10201;3338555.9
10209;806554.0
11637;2506606.9
1346;845428.6
13608;2407882.8
1566;641608.0
1947;474171.7
2213;701964.4
2283;796743.1
229;868309.4
993;511817.1
3417;787673.9
3530;3315386.3
3537;2544612.4
3555;591352.1
3961;1235914.2
3970;3130563.2
4554;286213.7
4619;972800.1
4797;2217601.2
5224;5128879.5
2400;1624108.1
2460;1668434.0
2488;2219152.7
2533;245642.7
2819;268412.6
3334;917134.3
3493;1740173.3
3519;5996776.7
3545;259214.5
3971;991208.3
4008;978530.5
414;3262002.8
4322;227063.0
4630;673916.4
4678;549726.2
482;125183.4
5249;2078915.6
576;2665533.7
612;521785.0
671;605513.4
4089;704622.2
4122;1351475.9
4194;1034712.9
4344;463399.2
461;1176374.6
4783;2320679.6
5138;2798684.2
58;186263.8
6804;4797350.8
816;531064.2
2457;3576590.1
2594;2470244.1
2645;478529.6
2743;1017732.6
2987;187818.5
3009;1425163.7
3085;2889237.0
3217;996112.8
360;294463.4
3736;1598428.4
3612;3234218.7
3657;271700.6
3799;602540.2
4077;4128061.1
4081;523041.7
4487;219044.5
4612;82739.6
6698;3726249.0
81;919370.5
832;322252.7
33;1209008.1
350;466138.9
3564;1266069.3
3589;4558752.9
366;857836.9
4092;440665.7
4098;3199545.2
4156;264667.0
430;461256.4
540;432279.8
240;525719.3
243;1724821.6
2450;397410.3
2592;1792144.0
2837;361113.7
2932;2054956.2
3229;551449.8
3968;2363220.9
4016;2987853.7
4102;632163.1
1081;1267187.8
10963;4794571.2
1221;2372735.5
12358;829130.6
1332;1504416.1
1411;404932.5
1575;724277.1
1602;1000989.6
1724;772945.6
1907;132103.5
1031;937668.2
11851;4954604.8
1226;3370389.8
12844;1256929.0
1338;463588.5
142;137004.8
1745;631140.3
1811;713592.5
1837;401176.3
1952;3878073.4
357;497646.5
3629;1532988.6
3645;1398253.9
3700;1051855.3
3866;345918.4
4105;669668.7
4572;682825.4
4598;96400.0
463;104253.4
4634;447404.8
10998;1437906.9
13588;1807892.0
1359;7386440.3
1661;387363.3
2047;768617.1
2229;2606648.9
2409;522167.6
2490;1363946.3
255;7632943.4
3483;1397313.0
3510;1237677.3
4028;665359.7
4043;1796163.2
4181;1236214.6
4287;1098392.2
65;1769988.4
752;1046762.0
1019;588930.0
10746;931553.9
121;1699516.5
1270;582098.6
1325;1240025.0
1386;437839.4
1574;475917.5
1632;147262.1
1751;630531.8
2135;1718633.5
14;260232.1
1681;1473069.5
182;725656.4
21;661403.9
2158;405609.3
2166;4213321.1
2307;229943.8
2372;710433.6
2469;1349698.9
2822;1224676.9
11121;1938735.1
1517;1507104.7
161;235735.5
1615;857979.6
1850;748442.2
1885;1874561.8
2057;5169792.4
2182;443059.8
2227;1293727.9
2239;244060.8
3416;787673.9
368;213483.2
3680;212780.3
3845;1056436.2
4206;1677946.2
4227;2453392.4
4501;166799.7
4688;95082.4
4695;329957.3
4795;389760.7
5761;3455700.8
6144;559506.7
7862;1855254.6
898;425401.8
10096;5834577.2
10351;3226937.3
1090;484284.6
1512;762811.4
1572;548419.1
2069;530541.5
2088;1517766.6
2136;2777643.2
2162;893970.8
2294;664596.5
3848;771573.0
3875;291018.5
4417;2735098.4
4465;100378.0
4569;1724834.1
4672;1303336.2
4690;2251063.5
4719;830880.3
4736;845350.9
4776;898097.3
12986;2163590.4
132;1599637.7
154;197292.4
2079;487769.9
2762;6396419.5
3140;774503.6
3490;242391.0
3581;1749697.3
3711;3431990.7
3740;397910.4
5081;2504283.9
823;1615271.6
961;486579.9
3494;777704.0
3550;3030725.3
3922;834071.4
3933;236550.5
4059;527225.4
42;4350681.5
424;4140729.9
4272;799763.9
4573;748318.3
4626;1510934.6
356;497646.5
3582;761618.3
3646;1180357.4
3745;2959114.2
3777;401281.1
3914;183008.3
4132;2452395.5
4144;425410.0
4370;439792.2
4584;3993853.6
7672;3294666.3
903;362738.8
989;349574.4
2979;159628.1
320;355548.1
3347;888401.6
3350;842704.7
3618;1626933.0
3619;126228.8
3724;409416.4
3852;1940868.3
4138;192575.0
4255;167544.4
11867;3544495.1
12344;2942058.5
13113;5939464.9
13405;587934.3
1568;222909.7
18;210658.0
1978;3508482.0
2251;335031.0
2258;2167263.4
2552;926262.8
219;3209816.5
2833;277634.1
3451;1830366.3
3539;364755.7
3609;2213207.8
3640;3347136.9
3913;1851410.1
4014;743672.2
4037;465382.5
4261;437647.4
3197;5420130.8
3233;1352115.0
3355;1693969.4
3369;1825861.7
3590;962200.1
3610;608359.9
4060;209691.2
46;692352.5
4651;516857.3
4836;1852083.3
10040;4969040.6
1128;292715.6
12843;5178875.8
1414;2094717.3
1464;295203.8
1698;1406981.2
2453;669243.3
2695;290157.4
3061;743268.4
3159;891008.7
604;132647.7
6750;1780135.7
678;360532.7
2278;748880.8
2449;175145.2
2498;1224658.4
2621;1019772.2
2768;1625850.9
2832;277634.1
2956;118221.2
3278;81505.9
418;834285.2
4382;593195.0
3220;392067.5
3370;117080.3
3390;367004.4
3453;901448.9
349;562620.4
403;1552178.9
4041;480436.1
4115;503636.1
4780;76200.0
4788;2518631.2
962;2584422.1
11372;2168855.8
11676;381210.3
1312;340692.8
1432;469330.2
1683;809977.0
1839;247677.9
1852;1396871.5
2022;308015.1
2066;4300564.7
2257;2167263.4
3335;7523007.6
376;925561.9
3874;761168.6
3901;2730846.2
4342;602739.5
4622;2168496.5
506;1004552.2
582;977809.5
585;1899832.8
6196;1959737.3
7422;2997550.6
7864;999891.3
1033;563337.1
1063;1727400.2
1120;2084754.8
12328;1353130.8
12662;2158397.9
1393;699105.2
1523;283167.6
1815;1230474.0
193;1855678.5
2223;1514253.3
294;4929518.0
3050;5635128.3
3142;354655.6
3382;4512295.4
3701;784071.7
380;923892.5
3928;295257.9
4023;191876.1
4046;858938.0
4172;2018064.9
1460;138420.8
2073;1535586.7
2119;79070.1
2279;2256653.6
2586;2662541.1
2623;3535392.3
2675;295178.3
2715;6551666.8
2872;417623.9
3654;143348.0
10479;1487380.1
1127;141607.8
1179;784381.1
11906;717624.6
12382;1804759.2
1256;808903.9
1594;582021.6
2074;1215910.6
2266;140905.1
2560;1746625.2
3795;425954.4
3834;634066.1
3856;527183.6
3897;406896.7
4241;2869101.8
4675;388192.0
5111;4283351.8
5460;1598872.5
5760;3455700.8
7011;2056619.1
8666;1062366.7
893;123289.8
930;77800.0
10777;820542.5
13590;1640556.7
1467;207591.5
1495;906680.7
1596;727343.0
1638;199343.5
1684;809977.0
1718;2468874.2
2101;660884.4
212;175506.8
3759;418993.7
3831;862601.3
4620;2248726.5
4749;3028006.1
513;2617955.7
780;635790.2
907;1076962.5
1072;1130820.5
11907;717624.6
13231;1617810.4
1587;554059.0
1650;743964.9
1701;3684631.5
1986;828210.2
2514;623032.9
2742;3517893.5
3124;2311601.9
4477;5621797.0
4541;144330.6
4725;499484.8
5214;2706060.3
5313;4100325.0
5404;474176.9
571;156850.3
588;2372883.5
668;3314056.2
7234;2136210.5
295;694157.0
2962;446540.8
3254;201153.1
3556;337781.3
3596;602469.7
36;1893642.7
3675;347300.6
397;302878.8
4004;196287.8
409;381968.4
3461;1064329.1
3462;1064329.1
3708;324605.0
395;287658.4
4332;1483914.5
4432;259708.6
4503;157089.2
4591;511563.9
5223;1307459.1
5232;2664382.7
11855;1067796.0
1189;373586.5
12859;2743616.5
12908;1800563.3
1352;875591.3
1395;1446671.5
1503;614569.1
2432;803313.1
2462;491962.0
2750;214130.1
4084;1570253.8
4171;452006.4
4306;338116.6
4439;917375.6
4482;1900887.7
4597;1855320.4
4816;2406746.6
518;95037.4
5263;1330011.6
721;414120.1
587;76900.0
690;1128906.5
651;1152963.2
66;1959967.5
662;753007.8
6946;2696271.5
8105;2726124.4
8359;3136317.1
846;253714.9
9276;2471222.3
74;227127.0
767;103203.4
1073;337367.6
1219;259789.1
13417;935037.7
1634;262510.5
1649;1058698.5
1719;526530.1
1761;1618061.4
1913;2560804.8
2226;1641275.9
2301;1132737.0
1091;68114.1
1188;358532.5
1223;3059326.2
12303;1474142.3
1306;659494.7
1493;434131.7
1537;2292012.5
1703;476540.9
1876;3113677.5
192;988904.5
1156;305032.9
1222;596953.3
13603;1844685.9
145;119243.7
1469;376378.9
1757;95749.3
1840;247677.9
2096;801959.2
2112;389887.6
2276;584544.6
3291;954824.9
3443;824890.0
4411;656505.0
4604;1778580.8
4758;84345.2
4761;1093980.6
4768;1334665.5
522;558090.7
572;156850.3
820;1440167.3
11911;819575.8
1195;3084869.2
1251;790621.4
1329;387024.7
2367;799322.6
2717;554318.2
2854;143883.2
3093;256047.3
3120;2301639.2
3552;191227.6
296;3190180.9
3210;526797.4
3414;2104110.2
3606;1599844.8
3959;1667458.5
4032;204260.4
467;599669.4
4821;2172781.4
4937;1239554.2
5325;1723291.1
11687;1197558.2
12003;4461817.7
1241;329739.1
1265;1202444.9
12750;2914240.0
1280;2853429.7
1361;550733.5
1746;210795.8
1808;575593.6
1870;434760.5
4782;140958.1
4818;210118.2
544;2524943.9
577;225968.3
581;91538.6
740;836050.2
747;908905.8
9417;4299735.3
1008;2925116.6
10563;5350664.9
11405;1382743.1
1305;1104890.0
1435;768728.8
1487;223731.5
15;220343.3
1686;459587.4
1765;3966693.0
2144;1504303.2
3781;388167.9
3808;556930.1
3967;2363220.9
4044;510532.3
4165;587589.6
4369;2712472.5
4403;255253.9
4437;938246.0
4564;3913873.2
4740;1452207.9
534;427391.7
5727;2607538.8
586;1899832.8
6571;737033.6
863;572309.4
9250;589606.4
991;623428.2
459;263394.2
4631;401967.4
4817;856690.5
4837;4182710.2
512;3372087.5
5911;4359585.6
64;301829.1
710;262257.1
9880;2959167.6
1117;1278264.9
11866;3544495.1
1227;3370389.8
12397;5488220.5
13539;6665857.8
13956;4395136.2
1407;1074656.3
1737;1209909.1
1764;570751.8
1821;1093254.6
4399;300422.5
4686;110301.3
4892;141420.9
5580;1197197.5
610;237241.8
804;168788.9
8661;1457719.6
3114;1122166.0
3125;271053.3
3243;823928.8
3309;3403028.5
3523;693881.3
359;588847.7
3876;291018.5
3905;2382599.5
4240;63113.2
4295;1065616.2
4445;92727.8
4461;2746858.0
4644;141279.9
596;1013021.8
601;2040845.3
614;921798.6
659;104124.4
124;1987441.5
1528;1330397.6
1903;480957.2
1953;3878073.4
2034;608186.7
2550;1039899.8
2888;266645.7
2895;295199.6
2930;1468366.7
3121;1494828.2
5977;2472045.4
621;3232134.6
631;2031742.4
716;580263.3
3408;2075225.7
3641;3347136.9
3656;271700.6
3891;1582559.8
4078;2826865.1
4118;2863010.5
4315;542600.1
4333;1680695.4
4408;137936.1
442;134302.6
3183;901777.2
3865;345918.4
3962;4017868.2
4137;1691317.3
4192;770277.6
4212;904796.0
4336;2383131.6
4416;2677543.7
4521;411287.9
5056;5112269.7
443;134302.6
4484;491454.7
4808;241608.9
652;2803437.7
786;3524560.5
880;3936514.1
910;437223.6
924;3666989.8
1124;468507.4
11329;2574858.6
1300;731984.8
1642;616927.6
1655;732596.1
2288;2137346.3
2329;2660843.9
2842;643940.1
287;327206.9
3154;622703.7
4556;1023979.7
4784;294799.2
6478;4657379.6
9933;5745609.8
4026;3557963.9
410;1494008.5
4317;2679260.1
4904;258733.4
5273;2680152.2
71;476882.4
1260;3812220.7
1593;778916.6
179;122913.9
1909;1348213.3
2521;548050.9
267;5139022.2
2871;1134789.3
2877;696311.5
3463;1207856.2
3772;1183433.9
5420;1172966.3
645;242555.2
694;1274947.1
723;1109947.5
7423;2997550.6
2315;1027654.0
2428;3314457.3
2686;4565692.1
2820;524337.7
3361;159167.9
3473;832108.5
3769;1261945.6
3907;3191998.2
3924;292081.5
4101;916707.2
4650;76049.0
4661;506656.3
4731;3242375.9
484;1955519.1
5398;727872.3
5517;3061378.2
5866;1953481.8
825;542849.5
96;237118.6
9663;3343106.6
913;1192004.8
9273;3371966.0
977;354934.0
9820;2623896.6
2506;761846.3
2619;1218425.3
2674;3462100.0
2692;311404.9
2713;2106433.5
2824;865856.9
283;752072.5
2955;447065.1
2992;246315.4
3147;786197.9
4381;938186.1
4636;2286028.6
5397;727872.3
615;1042776.0
660;704875.0
7112;565514.6
8610;798852.7
9362;304030.2
3790;2387518.7
3982;259223.7
4133;2452395.5
477;3318969.9
496;2851098.4
5117;1859652.7
5399;1562433.5
61;1268986.4
649;4099490.3
658;214704.5
3872;171428.7
4188;1469700.8
4361;565827.6
4568;1083290.6
605;896170.8
627;851226.4
6363;3002545.4
683;241732.6
86;3299662.5
291;993933.8
3557;337781.3
3827;717766.0
4056;1463662.7
4091;175464.7
4337;3139427.9
5237;891534.7
536;2700411.0
5530;326552.6
759;184379.1
1173;568157.0
1202;3330999.7
12220;1121550.8
12325;2807285.8
13912;2497461.7
1597;244307.0
1599;1379380.8
1612;1137205.7
178;443103.7
2170;373301.3
3722;425402.3
3930;537196.0
3987;3300006.8
4552;803727.5
4601;2762331.2
4775;557315.8
4815;2406746.6
5215;2706060.3
6317;7298574.8
6944;3665470.1
783;516745.2
97;4840822.3
992;1273071.6
1832;1841829.1
2062;115623.6
2191;1620183.2
2242;623908.6
2459;510729.5
2512;645668.9
2767;562084.8
2839;327894.2
2997;1495270.9
328;353822.8
2940;798622.0
3039;1671080.3
3669;2005784.3
3788;606678.2
3871;1229609.8
3903;1530530.8
4067;4122894.6
4093;147947.1
4441;3231779.1
4525;1974255.9
106;159211.9
1180;2707907.7
13412;3429594.7
1450;2118265.9
158;2631765.3
1789;868467.5
1869;434760.5
2032;666387.9
2053;504811.0
2445;1246313.6
11008;2449921.2
2222;807613.5
2299;1417660.8
2439;1860392.3
2617;958015.9
266;1184647.3
2945;348500.1
3016;711930.9
3127;350282.6
3407;2075225.7
2290;1306662.6
246;187314.2
2470;2150444.7
2625;868691.9
3599;593109.1
3639;110709.5
3850;480786.6
4085;1570253.8
413;275965.9
4656;2686208.6
1113;266710.6
1234;63000.0
1385;437839.4
1434;458547.9
1472;479231.9
1759;388768.6
1825;210755.2
19;789487.0
1967;1856467.2
1968;1856467.2
2172;719576.3
2829;213662.9
2881;867420.0
2959;667190.4
3088;719646.8
346;1826154.6
4129;208215.9
4260;667981.3
4324;488424.9
4340;2646811.4
12050;3788652.8
1237;436299.1
13480;3428449.0
1570;2829772.4
1939;343971.4
197;934246.7
1989;3632471.6
2011;257832.7
2080;1949045.5
2107;253879.9
3180;536764.2
3265;89600.0
342;830432.2
3714;3257857.1
4303;841198.6
454;3577502.2
4586;1439458.0
4705;903631.1
472;810766.1
4726;499484.8
9593;6400473.0
4174;222441.2
4514;421837.5
4519;1215926.9
4628;3018912.8
4724;1243897.1
4728;3579405.3
4826;1840440.2
514;2617955.7
763;176257.2
768;564054.0
3973;249021.4
4253;415359.3
4412;656505.0
4462;772788.2
4668;676527.3
5565;1465032.8
7412;902604.6
7800;2705645.7
909;559200.6
8366;3351619.2
968;1607990.3
1214;3551880.8
1284;589232.8
1327;3745497.9
13490;6404484.7
1658;283092.7
181;725656.4
2387;3354807.0
2397;755288.9
2928;785400.6
2966;2523326.0
821;169281.4
8463;3736994.2
929;1261694.1
949;142156.3
10566;3309574.2
13694;1744893.0
1524;2320710.3
1736;431677.4
1756;95749.3
265;702395.5
2760;1510116.8
2781;440066.1
3205;197478.2
331;2837051.8
2950;931365.2
2970;141884.9
3055;271178.0
3271;2891474.2
3302;1356693.4
3554;591352.1
400;201591.7
4251;7401229.2
4428;6976810.1
4532;3776175.6
3813;3645800.3
3900;2730846.2
416;694270.6
437;496576.0
6893;1379565.2
7065;1984702.4
751;3196228.5
896;1680530.5
735;167624.6
764;204553.3
875;118957.0
887;1665345.4
915;252239.9
2378;344143.2
2399;70924.5
2527;1191427.1
2548;800050.6
2883;443852.6
2990;512291.9
3571;1884190.0
3587;1480626.6
392;2535204.6
4061;255684.3
622;589317.8
682;1164581.7
708;860473.7
778;2588084.4
916;1364533.7
1102;4272032.0
1178;2152001.7
1388;1797083.8
1438;794327.1
1699;1291218.1
2010;415663.0
2159;821886.5
2518;325614.1
2769;1600019.5
2852;1183894.1
1945;2280981.6
2081;1021896.1
2525;2941374.8
2534;306251.5
2590;682515.3
2800;719174.7
3522;6769370.2
3824;1690636.7
4106;403514.1
435;190980.7
4448;2064997.2
4637;112068.5
4994;2250477.7
515;893996.2
5445;6329873.2
643;567875.4
6485;4792869.4
8726;5651645.4
9419;2134150.5
2052;636332.5
2858;493556.0
3028;586067.5
304;237970.0
3101;210504.0
316;59200.0
3234;205021.0
3392;550840.4
3822;1583939.3
4042;803722.1
10459;1115875.1
11149;3234748.4
11491;2201141.9
1362;550733.5
1369;85220.0
1373;304480.9
1498;407451.5
1975;380597.7
2055;1661452.9
2732;400015.8
1011;2470356.0
10159;1026249.7
1194;1563247.9
12396;5488220.5
12726;357820.2
1787;205667.8
1818;1005051.9
1826;2987900.8
1960;208586.9
2147;924652.3
2361;905669.8
2483;331898.3
2505;254946.3
2818;472814.7
2827;306979.4
2838;1114860.4
3013;1178040.8
330;2039419.6
4141;1628134.3
4794;334724.9
881;214596.1
918;206689.5
937;126344.9
990;79669.9
2220;1787400.6
2850;812728.3
2894;379926.8
3086;2889237.0
3143;529163.4
3267;3527805.8
3311;840987.5
3313;616015.3
3440;168897.7
3445;666282.3
4708;152328.2
4805;126898.3
5287;872464.8
5395;2091704.9
5617;3689292.4
750;5643693.9
766;103203.4
3920;766861.5
4007;978530.5
4229;512536.6
438;1606261.9
5353;395618.9
6474;1787922.4
699;211472.4
4123;1351475.9
4176;332384.7
4210;395937.6
4425;128382.3
4467;1520740.6
6827;1748848.0
698;585242.9
2706;135359.5
2878;747221.9
3575;265808.5
3592;746207.3
3638;181638.2
3753;151736.0
3775;289716.7
4;300022.8
4578;526028.2
4673;3504108.8
1020;3043698.1
1029;1507832.8
1176;264916.0
1198;720626.1
12181;2041436.2
1233;134709.6
1287;322402.1
13102;2778815.3
1458;2792302.0
1491;776162.1
1103;943529.6
123;1779194.6
12378;4508737.4
1784;819212.5
1853;301163.9
2067;883836.5
2089;649755.5
215;2925160.5
2241;335919.9
2248;292404.5
3043;2206619.6
3102;2290457.4
3104;262204.6
3752;438982.6
3886;410889.8
4031;297577.3
4710;1582417.1
5281;2216819.1
6186;881000.0
831;2100546.9
2503;787693.2
2539;1363733.2
3006;1414901.7
3216;1909518.2
3290;927060.4
3470;492254.4
3719;560725.3
3765;4694805.8
3842;237722.6
4145;771775.4
579;379679.0
7724;1959734.8
8678;1316063.9
10043;2995949.2
11732;1599936.0
1380;3338212.7
1619;4797384.7
1647;749623.9
2027;278593.1
226;5139967.8
2382;803912.1
2509;502990.5
2647;3074340.4
125;404655.1
1372;175477.7
1394;1446671.5
1669;323732.2
2110;1366381.0
2275;423765.9
2393;372998.7
2464;69100.0
2756;562027.8
3015;946020.9
3249;410954.9
3266;89600.0
3312;691989.7
3652;310710.0
4236;1155616.2
4249;336007.1
4276;174258.5
447;581469.3
4583;627712.3
4665;580137.1
462;171379.5
4685;266628.6
470;952797.4
5321;1902160.2
647;234714.7
711;839267.7
743;2175415.4
975;1193660.6
3559;282729.3
3642;175203.1
365;857836.9
3720;560725.3
3833;471921.5
389;3745369.7
4166;1373495.4
425;1423639.5
4264;419569.1
4510;606269.9
1141;1348676.9
13151;1204236.6
1340;287660.7
1549;409135.6
195;658909.8
223;1901822.6
2253;256753.3
2557;621338.4
3627;702050.0
3821;2632550.3
1010;124027.6
10200;3338555.9
1039;6777468.9
11004;4032960.6
1145;1000649.2
1266;1507564.8
13090;2749186.1
13968;3011379.7
1636;437488.2
1645;424018.3
3904;2382599.5
3909;477566.6
4150;345134.4
4243;472789.6
4256;395464.3
4371;2033678.3
4444;92727.8
4560;1310450.6
4714;210293.1
573;49400.0
1052;1214292.8
1250;1478620.8
1473;423761.5
1630;3061406.2
1974;380597.7
2099;909060.4
2322;786706.3
2448;630146.5
3027;394727.3
3134;2734425.7
773;70865.0
835;3306234.6
842;551886.7
4109;982759.0
4225;2196834.1
4456;598891.0
4530;2214883.0
4555;3246009.9
4589;2225848.1
486;641830.0
501;2035154.9
4567;3141775.5
620;454939.2
8276;1953207.3
845;2678227.2
943;308208.7
4704;554166.4
4706;1786845.6
60;1326472.9
6112;1000963.2
657;214704.5
68;1809265.3
702;218711.1
8333;647836.4
90;585433.5
978;368986.7
2072;600367.0
2321;1843793.1
2355;3415740.1
2465;2459146.9
2475;897003.1
2661;603464.3
2958;1725949.5
3138;59900.0
3174;1076172.1
335;1419769.7
2243;623908.6
2493;2022231.4
2540;159946.1
2825;761114.8
3032;1636940.1
3035;589810.1
3485;174966.7
3568;1027559.2
4003;2389968.3
4380;381442.4
4068;162821.0
427;392639.2
4304;2973583.8
4820;1140307.3
589;256132.0
642;752665.2
6644;2440766.0
8064;4404543.6
812;506041.0
2184;384045.2
24;3728698.3
2563;800410.4
313;812542.4
336;391757.4
3486;1136375.8
3703;127717.4
4326;352760.2
444;2345819.9
4453;2589877.1
6731;5519942.8
675;1279065.2
691;1128906.5
829;379600.8
8433;3782090.1
1015;434986.0
11359;2729966.2
11768;1183679.5
134;886749.7
1484;1528260.4
1555;2764986.3
1754;1758891.4
1774;243405.5
2327;305751.0
2887;249907.5
1014;692071.6
1088;514888.9
12376;2449037.3
1309;143919.4
1731;1018229.4
1895;33400.0
2455;595133.7
2556;669458.7
2754;371779.4
2939;628010.3
2530;3956576.8
2696;1437703.1
2700;3409319.9
2898;227590.7
2917;718949.1
3200;1297064.2
3526;907876.0
3836;97631.7
3838;101180.3
3949;106959.3
3621;318686.0
3732;482617.1
3885;562366.6
4033;577091.0
4164;227097.9
4302;205219.4
4320;460510.0
4544;1299968.6
4861;739091.1
5141;831173.2
10041;4969040.6
10070;1862332.4
10997;1437906.9
1242;798762.0
1258;814727.0
13556;908149.1
1360;7386440.3
1401;873141.4
172;630967.4
2313;609922.8
4832;3058733.7
5393;1147079.1
5478;684599.4
6052;4866812.6
641;752665.2
7796;2125927.9
8030;2109551.6
9717;3537935.4
1542;825599.6
1614;1105362.2
1797;663612.9
210;2703598.7
2602;426734.2
2790;1706166.2
315;215974.6
3297;1894932.3
3418;1050564.8
3515;724630.8
2292;511002.5
2598;287701.3
2801;494919.1
3007;534975.5
3513;860844.2
3908;477566.6
396;265242.6
4142;1380803.7
4504;2487517.3
5093;3183608.0
1026;74957.8
1083;1113766.8
1118;1278264.9
11409;5647235.5
1151;882714.8
1246;5955593.5
13;1048982.1
1350;1438590.7
1588;1758530.5
1819;1265496.2
939;1111863.2
1101;406421.7
11252;516596.1
1164;72558.3
12755;2370527.6
13469;806993.1
1704;476540.9
175;663494.1
2195;3626302.9
2207;1988999.3
2366;799322.6
2199;148283.4
232;820138.7
234;563428.6
2341;267150.3
2605;119851.6
2628;143024.0
2720;2871009.9
2729;2763373.7
282;752072.5
2953;1221398.7
4207;1836927.3
4270;3248434.6
4420;697706.2
4600;1045447.2
4798;790066.6
4918;1221737.5
5389;740761.6
7150;1253726.8
7683;1668874.6
9755;694879.7
10912;4174333.8
1662;3249219.5
1717;4177965.8
1928;1185270.9
2003;826553.0
2171;1004338.7
2312;270203.9
2381;504467.1
2420;221142.3
2451;612885.5
2746;2337697.0
2780;650360.0
2901;428069.1
324;1767556.2
340;658481.8
3601;3357110.4
3688;6178956.3
3696;504024.5
3798;1632647.8
4268;660609.1
5965;5332416.6
714;2056709.4
727;403500.3
7521;6184654.2
987;300081.3
1977;206434.4
2211;254431.3
2454;47100.0
2561;751322.7
2816;523123.8
2882;291572.6
2975;4432403.2
3063;2497182.2
3391;871006.8
3577;792537.4
1074;337367.6
10960;3386538.7
11050;1475054.3
1143;838372.1
12738;796053.2
13955;4395136.2
1475;897556.8
1565;1504714.0
16;220343.3
1613;3311875.6
10076;1163146.7
11131;1189610.6
1228;2524495.6
1278;840707.5
1387;1538752.7
1637;1328676.2
1641;160164.0
1930;415179.7
2377;267002.9
2693;1004962.1
1152;865464.5
1505;4975398.0
1592;778916.6
1861;940588.6
1981;2356654.0
2048;156747.6
2479;137439.4
273;4324413.8
2847;845445.1
2856;683528.1
4296;244049.9
4431;292348.3
4617;627765.6
4759;84345.2
4809;350692.2
481;125183.4
5030;461352.5
523;705839.3
5384;2010087.0
1238;1564119.7
1263;1760655.9
1275;3273589.0
1421;2176227.0
1798;331671.5
1845;290336.8
2308;1504927.9
274;2921960.9
2929;4535320.5
3112;155733.5
5145;2611613.0
5563;1821351.4
756;483803.7
798;1093679.3
841;861547.6
932;1391511.1
9702;4303965.7
4647;257148.1
4745;3395269.2
4810;350692.2
5334;601009.1
819;1440167.3
822;2816602.2
927;2055604.0
10274;1847553.1
1170;627623.9
12051;3788652.8
13285;2419974.5
135;886749.7
1426;509332.0
156;279422.8
190;2408813.8
1955;1536820.7
2143;2593691.1
3520;531248.1
3681;504268.9
4764;356500.9
638;1344433.7
6967;1243783.6
725;660873.8
755;697768.5
857;967401.2
998;142091.2
1057;1500377.4
11497;3226763.5
1244;824331.6
1578;1521790.8
1591;129525.7
1886;278523.6
1925;108613.9
2043;609248.5
2175;637954.1
2259;4201276.8
10517;2628219.2
1096;209643.9
1146;2948216.4
1595;807784.3
1996;3281367.4
204;406898.4
2050;743463.8
2212;3043840.9
2501;3270655.6
2919;1315060.2
2386;448297.9
2433;3759479.3
2606;2428075.6
2681;1007168.1
2804;152425.4
2885;2683633.6
3059;846429.3
3188;1246262.1
3230;657419.3
3367;1545287.6
2876;819504.3
2879;4941901.0
2968;3887111.0
3025;255045.8
3225;3748741.4
3435;372869.2
3697;650952.0
3812;1675883.4
402;1300059.2
4149;345134.4
4473;1187680.3
4684;3574357.5
497;2241132.7
6077;676541.0
922;1503430.9
4766;243489.9
480;4138757.9
5347;4996514.5
757;515234.6
8076;583603.7
681;407410.5
769;927021.0
859;3027461.4
9236;766372.2
3076;476867.0
3474;121127.2
3484;1009458.9
3683;158702.4
3687;6178956.3
3804;657009.4
4632;170216.1
4692;413154.4
5354;368047.6
6183;2242998.1
3679;212780.3
3805;524139.0
4282;713816.2
4793;1113838.2
4803;2228220.2
498;2241132.7
5775;1247462.4
6299;4360964.6
6408;1991606.5
762;3552849.1
5236;3134488.1
5472;1811521.8
62;362968.8
704;636134.7
734;108158.1
775;743737.3
8295;1986732.5
8670;2219855.1
883;86371.0
4281;509649.1
4284;884618.0
4426;1349430.0
4534;649775.5
637;227998.0
677;475334.4
7390;3311079.2
758;305420.2
8506;2006139.0
884;86371.0
2907;295058.1
3070;817676.5
321;6036339.0
367;213483.2
3942;3727147.0
4447;1599438.3
4790;1171751.3
487;671563.5
5002;635094.7
5322;2297774.1
5164;890772.3
590;1332342.5
655;2286722.1
664;726351.6
956;278231.8
972;342540.7
301;966325.8
3403;744375.1
3422;663769.3
3685;280577.8
3705;1528567.3
3750;327466.7
4154;176897.0
4177;2417872.4
4421;73700.0
4561;745002.6
50;601064.0
5046;1245081.1
6829;2734394.7
7100;4415814.3
946;3981954.3
9505;2913397.5
4127;1408978.6
666;506917.7
870;276981.3
926;996502.5
3089;87593.9
3280;1591596.8
3454;4362100.7
3661;169964.4
3819;153604.6
383;2888199.3
3953;161292.6
4415;726108.6
448;1222038.2
4789;3068618.4
1109;289931.4
11754;1173886.2
1252;790621.4
1347;2198333.0
13921;978399.6
2019;234671.7
2185;3919165.5
2758;895648.7
2926;168257.8
3098;287406.0
3723;223933.1
4020;4014052.2
4681;473767.8
4819;1017332.7
5204;6513937.4
894;422640.5
1045;760139.4
10476;2669138.6
11860;643982.6
11947;5153751.6
11979;2154919.3
13044;2007906.5
1336;3050575.5
1482;416743.8
1501;426784.5
1651;1064380.0
10355;3100279.3
1213;3880345.9
12568;1159819.3
1536;2492157.1
1788;3289272.8
1941;562953.0
1982;967126.5
2013;2553993.2
2389;439421.8
2610;1402060.7
1696;855701.8
1919;382441.8
2005;1239880.0
2167;535455.8
251;1090581.9
2862;537801.6
2977;899508.1
3251;2848840.1
3315;349537.3
3354;61600.0
3031;1636940.1
3110;270656.6
3328;627387.1
3373;417612.0
3793;1538916.7
3823;1523279.2
4151;131959.3
4167;2592121.0
4390;300049.6
4506;850380.8
2866;493957.0
3068;1490791.9
3149;4537589.2
3196;1198066.5
3296;204419.0
3389;179060.7
3600;178961.2
3624;1032845.5
3811;824281.6
3855;1678027.1
1016;434986.0
1520;646111.3
1659;503516.2
174;1533259.6
1829;1710882.8
206;1081240.2
2077;272305.2
2300;1132737.0
2438;1860392.3
2444;425368.9
11609;624214.5
11713;1420860.8
1182;2191619.2
1657;910386.4
1863;412675.6
224;1408120.2
2357;552819.7
2935;2277410.0
3092;1170392.3
3213;427094.8
3139;774503.6
3482;2486446.4
3693;393627.7
3737;2556939.7
3919;1791295.7
4030;182259.5
4345;2215198.6
4489;344001.2
4563;3913873.2
493;1877002.8
1046;400738.9
1108;507602.2
1161;1076649.7
1257;814727.0
1267;133977.7
13620;4148386.3
1384;2117099.9
1446;825438.7
1827;2987900.8
1868;415555.3
1040;5908071.0
10654;826683.8
1114;2795731.9
1137;444805.3
1272;272081.4
1448;263109.7
1854;470548.9
1884;367838.5
1908;743967.2
2006;1156049.6
2362;905669.8
2370;1507413.9
2593;1792144.0
2672;103182.1
288;421737.0
3004;399714.1
303;694676.9
3109;476101.4
3322;689930.4
338;1902075.0
1209;5350346.5
12485;673044.0
1617;823999.2
1723;725086.5
1872;2687557.9
1963;300070.1
2190;1620183.2
2261;383431.3
2788;1584503.8
2998;1353487.2
2413;1194548.0
2574;657127.3
2608;434653.6
2632;426157.4
2908;692405.0
2918;1315060.2
3065;225601.3
3099;2856242.2
3192;1704996.0
3668;6433486.8
1080;4791724.9
11686;1197558.2
12416;4944835.6
1363;1856666.2
1561;509200.8
2240;335919.9
2352;248079.7
2589;986517.2
2761;1285714.0
3232;1194996.6
3349;447744.6
3472;832108.5
3475;857850.8
3542;5301870.5
3616;1381469.7
363;340272.7
3815;1165590.0
3859;663872.6
399;2296047.4
6272;3354114.5
3381;2262256.8
3394;1149839.1
3574;1503911.7
3717;158486.7
4011;168750.2
4252;7401229.2
4558;451842.8
4757;1442040.7
4787;1280620.2
5132;2499077.7
4283;264253.2
4516;1461726.9
457;4329990.5
4716;198735.7
5201;6890369.0
5385;1066411.0
67;317481.5
811;1098253.7
1660;1164844.7
2063;1510355.1
2104;1044611.7
2150;170422.6
2332;1331629.5
2721;1693630.0
2893;580885.7
2941;4711547.9
3450;1402064.5
3647;1180357.4
63;285054.6
6764;2201276.0
934;278633.7
9675;3606965.2
923;1503430.9
9231;824569.6
5462;903690.7
5826;1373636.7
6039;2364167.4
925;1883443.0
9775;2182912.5
4804;183156.8
611;521785.0
6473;1787922.4
707;867050.8
717;639275.4
847;1233203.1
3281;184298.2
3368;1649006.9
3441;1072885.7
3517;1780020.4
3826;717766.0
3858;663872.6
451;298040.1
4975;5250345.3
5067;219843.8
5149;1599032.8
51;2848275.7
5320;1902160.2
591;808483.3
7;169549.4
9196;1607707.1
11795;5562027.2
13276;217904.5
1445;591511.1
1500;357869.8
1897;902173.6
1957;1714724.5
2161;893970.8
3057;2543047.7
3167;3209419.4
3491;242391.0
11379;1966499.2
1236;3504601.4
1290;660787.3
1492;4565111.4
1601;1000989.6
200;880055.5
2012;257832.7
2020;234671.7
2115;542618.0
2138;374997.8
1112;378257.9
1318;648938.4
1856;831837.5
2407;390081.3
2648;3074340.4
279;272312.8
2863;537801.6
3187;3103226.1
3489;1354057.2
3709;324605.0
4593;435308.9
524;511082.3
5413;615082.8
670;216219.1
737;753542.5
789;316108.8
895;735183.6
966;166195.1
995;210986.1
1062;1727400.2
1283;589232.8
1379;3045550.6
1562;509200.8
1609;745292.8
1794;434839.7
199;880055.5
2532;1303178.9
2570;3216257.7
2685;95300.0
4217;1715734.8
458;4170867.1
4607;338775.6
4609;522130.7
466;599669.4
47;816654.5
4769;804092.3
5152;4060738.6
568;2995998.0
629;1623826.1
2037;490606.6
2046;1273836.2
2094;2237715.5
2306;1560257.1
2755;754554.0
3276;1015479.7
3310;1703416.3
3849;582328.9
390;297215.6
4204;405880.2
609;416256.2
850;2868876.0
953;655081.9
1030;1780996.6
10528;3311704.3
1071;99690.2
1607;2248908.3
1898;2169634.4
2091;237636.9
2638;2992509.8
2741;210449.3
300;2417533.6
3372;252430.5
3221;392067.5
3338;282158.2
3444;64405.3
4244;253809.9
4512;820824.6
476;3318969.9
4767;425199.5
4796;581262.7
5392;5409917.3
617;865901.1
1232;575432.4
13690;5465210.7
13923;604374.6
1509;1832889.1
168;333222.6
1816;1426915.3
1959;179624.2
2002;826553.0
2140;290409.9
2250;249959.4
1053;1214292.8
1130;167782.6
11701;3160074.9
1253;1221520.7
130;1537627.5
1689;530304.0
1786;205667.8
1851;3847370.5
1899;709300.1
2092;4352249.1
3459;788035.0
354;191661.0
3739;2119682.8
404;1552178.9
4063;1454882.2
429;341339.0
4308;992119.4
4502;157089.2
578;1198758.7
994;210986.1
4479;3751611.4
4916;5110839.7
6114;3950348.9
719;765123.4
722;819338.0
748;425324.6
885;541518.2
4485;693971.2
4524;1974255.9
465;466496.1
4658;2007608.7
4813;490134.2
562;1578607.9
7127;5205363.9
8598;6392335.7
9;1196919.9
10276;1903252.8
116;1344570.4
1353;3586092.7
1653;295617.1
1752;246731.3
1867;2218200.5
2071;389729.6
2434;1463949.2
2526;1412687.6
2549;312832.5
3029;1900080.5
3146;367608.0
3206;197478.2
3331;1285405.2
358;749777.4
3695;504024.5
4034;2482358.9
4265;935867.8
4515;168287.9
538;1196416.6
305;1721152.7
325;244907.8
3698;2093846.0
3964;843841.5
3985;842458.3
4083;1113917.3
4354;2933249.3
4623;620657.0
4722;649403.9
5338;1717677.9
516;893996.2
5284;539208.4
5531;518636.9
960;237580.7
9997;2744066.8
2379;244084.2
2569;3216257.7
3111;270656.6
3844;859706.0
4095;1732400.2
4119;2791075.9
4648;1912104.4
4662;673090.9
4687;95082.4
4956;1569155.7
3684;478655.3
3916;1683068.5
3998;1686099.6
4012;541837.0
4074;1306185.8
4082;1045323.5
411;2135448.5
4183;1179616.8
4497;1285904.2
4691;2251063.5
5337;1717677.9
5873;2803239.1
6256;948894.0
6922;3016492.1
7299;3289965.1
900;2318363.1
954;374098.2
2408;597497.1
249;558998.2
2785;1658075.4
2796;746766.9
3024;255045.8
3413;446417.6
3499;2733689.8
3562;636964.2
3754;174120.4
3853;71360.9
2424;169647.9
2656;916212.3
3376;1174627.8
3427;1556880.4
3501;1859077.5
3620;655343.6
4338;1487941.7
4463;739666.0
4522;1393829.7
5108;3700254.8
1055;169377.8
1480;1085102.1
1631;139300.1
1776;370174.9
2045;1273836.2
2310;1568150.5
2406;788996.2
2707;751913.2
2849;907848.0
2983;5101107.3
2535;2952437.8
254;1418152.6
2639;78500.0
2874;838566.4
2972;127307.5
3396;1554538.5
3448;959855.2
370;1096645.1
3966;172287.8
3977;2875338.0
4409;137936.1
4709;1393125.2
4744;137170.2
504;1814444.3
569;660478.5
693;879281.3
7010;2056619.1
814;1057053.6
8737;1239496.6
9721;1759511.2
1218;392656.1
1224;220703.2
1310;1101872.6
1324;1897553.8
1409;1759009.0
1803;474073.1
1970;1250655.9
2271;403472.8
2295;591028.0
2347;1012920.5
11371;1485733.6
12432;6030615.0
13290;1181591.4
1532;1534782.4
1844;290336.8
1892;450575.7
2040;2541419.1
2054;204311.6
2076;328285.9
2203;1008348.8
6366;1421286.5
853;1279763.2
944;672839.1
9569;2882984.6
3895;2850307.9
3898;3817777.1
3902;587988.5
3993;1145074.6
4262;415898.8
4464;1615656.6
4594;339237.1
5134;3529683.3
5450;123991.4
574;2510050.2
1158;410377.1
1207;1187618.3
12850;1598378.3
1304;156284.7
13687;2291444.6
1377;372008.0
1412;176847.7
1496;356597.4
155;197292.4
1791;1608732.6
2363;2723899.6
2431;4659660.6
2951;962310.0
388;682446.7
3884;98066.6
428;314642.5
4546;1574553.0
4580;452448.1
495;288438.7
521;695449.5
3764;4952123.3
415;3262002.8
4157;2979114.4
422;2185866.7
433;1109503.2
543;131391.0
685;265000.7
979;368986.7
2946;348500.1
3171;481661.5
3247;108368.2
3358;690827.9
3402;744375.1
3405;5791136.4
343;291370.4
3682;504268.9
423;3069444.6
4663;5584575.4
6544;5066242.2
8777;845070.6
902;573938.0
99;1424108.1
4242;2869101.8
4258;1240694.9
4360;1876393.8
4388;220687.1
4682;473767.8
4723;1470116.2
6567;4531969.7
3393;1566488.4
3558;250085.7
3633;929148.5
3738;1643743.1
4013;218207.3
4125;262059.4
4279;3051075.4
4297;244049.9
43;700346.1
4575;1344471.8
10382;2942376.0
1079;905262.2
1254;396123.5
12802;1441128.8
1383;124385.1
1616;1250904.5
1749;606367.2
1874;3282452.0
1901;1215482.5
2098;346727.2
70;476882.4
8568;2039754.4
2330;539873.6
2365;596293.1
2371;458789.4
2612;353232.8
2734;301202.1
2803;152425.4
2835;1082206.1
302;253500.5
3274;696881.5
3321;697759.2
2473;2452869.3
2694;290157.4
3115;2940081.5
3518;1177024.7
374;754118.1
3868;1291679.9
3912;366264.4
4364;2175487.0
535;509967.8
5521;3960439.0
11598;788263.7
1175;264916.0
1243;1778323.1
1444;2488904.1
147;657448.6
164;1427182.7
207;365583.3
2179;268084.5
2335;268552.0
3151;1109413.3
11886;5751752.9
1200;191534.5
1308;390472.8
13098;1403070.1
13261;3326691.4
185;1891767.2
2165;2637491.7
2843;2092893.8
341;830432.2
3415;1507684.7
1210;649608.7
12464;3115418.5
1489;807330.9
1557;2184967.1
1878;284342.2
1924;545082.3
2287;494793.4
2293;1247407.9
2519;491304.4
2520;2073484.6
1078;191403.1
10988;349182.7
1107;906435.5
1149;314398.6
2044;3240362.0
2116;381497.8
2467;438822.4
2581;789521.3
2728;777754.7
3022;1486085.1
1315;265801.1
1348;2198333.0
1441;274214.2
1443;2488904.1
1506;546840.9
2233;221032.7
2246;1106222.9
2344;842713.7
2410;1749801.7
2497;311596.5
1068;610107.2
1140;587872.2
12490;779071.5
144;2133679.9
1606;651127.1
1714;1615272.4
176;784094.2
1917;4221379.8
2084;521933.8
2202;528550.3
3064;731963.6
32;3481424.4
3356;2449800.6
3430;7371924.7
3783;691298.0
3830;2331285.9
405;518222.9
4134;1332372.0
4451;905708.9
4588;1673859.7
6499;2507346.4
6691;918827.0
803;168788.9
806;164697.5
8217;3223531.9
945;672839.1
9846;1883470.6
551;83500.0
818;99525.3
9366;4224377.0
10;1722230.1
1009;124027.6
10389;2595101.3
10564;5350664.9
11195;2901714.4
1295;3735240.5
1440;2652134.1
2103;1973533.2
2270;403472.8
2476;574001.1
11381;629157.2
1481;434823.5
1838;401176.3
2142;2593691.1
2218;1173562.9
222;29400.0
2255;469510.9
2314;1027654.0
253;1205013.7
3077;752174.7
575;2665533.7
732;2914210.5
911;135630.2
988;349574.4
4729;3384384.0
4812;309798.6
510;1089236.1
6803;4797350.8
784;516745.2
871;759519.1
4010;244983.6
4027;665359.7
4153;176897.0
4155;598727.5
445;1217396.4
4460;79344.4
4486;693971.2
4753;137052.1
602;2040845.3
6610;4036704.7
5358;796772.6
5753;2638558.3
7241;2241648.7
760;363133.4
8327;4750518.8
91;929655.7
94;245951.1
3173;1076172.1
3259;1480787.6
3357;1068295.0
353;2619338.8
3648;402942.5
3767;2647788.9
4387;2556425.4
4527;1784493.8
4886;3123960.0
5016;1078104.3
4052;508734.1
4223;1535452.6
4442;767257.8
4520;1370332.1
5127;989416.9
7286;2814069.7
765;1573615.2
828;1174337.3
8548;958902.9
9433;2221926.7
2456;595133.7
2678;350956.7
2886;2683633.6
3198;5420130.8
3380;863643.0
3974;2778280.1
4065;1194521.8
4316;937573.2
4325;2164182.0
4649;239060.7
2296;591028.0
2524;152514.5
2677;350956.7
3199;1297064.2
3239;225151.3
332;234762.6
4474;1236727.5
45;1276939.4
4923;2598169.9
542;263891.5
700;437667.1
7434;2898187.0
7980;2316225.1
101;316796.7
1041;231585.1
1093;605079.7
11;1722230.1
1192;666500.2
12144;3389865.3
1235;63000.0
1259;104695.4
13246;774395.4
13640;1438513.1
1097;209643.9
12163;4505861.7
2252;256753.3
2339;816974.1
2562;929611.4
2739;2789071.5
2791;423542.8
3058;545696.8
3316;665850.5
3580;411783.9
3261;1836174.7
3507;3106520.6
352;4304553.1
379;564556.9
3935;4111391.7
4289;990079.8
4449;2308281.6
4974;5250345.3
559;2119906.7
782;2226293.5
1707;2175213.5
184;404905.6
1984;806249.0
203;406898.4
22;417081.2
2247;458794.6
2496;784688.1
2504;1141389.2
2580;116542.6
28;2105818.5
2774;373501.7
2967;812506.5
3080;2833305.6
3504;1025032.0
3565;1642270.8
3801;720190.3
3936;730490.3
4088;704622.2
4221;422558.1
4343;820165.1
3605;620264.7
3649;1525809.1
3929;1232132.0
4086;672432.4
4198;266609.1
4365;2339898.0
4540;373551.7
4633;389681.7
4653;1364910.3
488;671563.5
1133;4320947.6
1286;4015628.3
13291;1181591.4
1371;146712.0
1416;231291.5
1486;2197162.3
1783;1129058.5
1841;2487184.2
1962;235803.6
2375;187038.0
10350;3226937.3
1076;2065006.0
11714;1420860.8
1191;732742.3
12810;2539781.2
1721;708853.0
1770;124371.3
2640;78500.0
2776;919316.1
2805;3113099.2
4508;426995.5
4548;1888902.2
4806;416767.2
527;3113846.9
560;93700.0
656;1493085.0
6604;744282.5
3931;537196.0
3946;1384969.5
401;201591.7
421;1948855.6
4547;3667715.8
4877;2427409.4
4901;3878932.3
4976;125504.0
5;300022.8
7765;2735260.5
2766;562084.8
2798;157065.6
2826;1198086.9
3113;1122166.0
3282;577666.3
3674;177579.5
3789;2789663.1
4140;489361.6
4557;451842.8
4762;1543168.6
3252;2848840.1
3549;189457.7
364;5390884.4
4590;569944.5
4919;2173043.5
5010;980676.4
5028;3981826.0
505;707012.4
6349;3841377.7
6729;1037874.4
639;234459.1
667;446030.2
7863;3054163.9
8356;1572336.6
997;142091.2
999;2505434.4
1905;428367.1
2537;181514.1
2690;72370.3
2860;1951595.2
2974;1662937.5
3042;310277.0
326;2372323.2
3377;1174627.8
3923;834071.4
4036;1064962.2
2933;2168346.1
2971;948707.6
3000;109095.3
3186;927233.0
3566;184857.2
3576;4880207.3
375;97065.1
3882;421558.3
4035;2482358.9
4312;179778.9
1023;1046089.2
10269;4648500.6
10288;3149327.5
1172;568157.0
1187;358532.5
1351;1438590.7
1402;605587.1
1408;4095913.4
1490;525074.0
1585;1135095.6
3410;589147.4
3861;587362.1
4100;2534897.3
44;2797073.2
4491;554021.2
5012;870672.5
5212;803674.3
6175;850953.5
7366;351238.7
7787;362048.2
3001;6936961.4
3256;248473.2
3397;1885879.2
3398;1885879.2
3870;1229609.8
4029;334064.5
4401;1488063.7
4480;33100.0
4760;1093980.6
7797;2125927.9
3843;174782.5
3873;255699.5
394;287658.4
4062;394288.8
4248;1389423.1
4398;613459.1
4507;4035334.4
4732;308148.2
6892;1379565.2
741;1610209.8
3253;2803620.2
3751;438982.6
3851;480786.6
3918;1323684.6
4090;490826.4
4807;355967.1
511;1040760.3
616;720362.2
6749;1780135.7
731;2914210.5
665;656283.5
673;885277.4
7411;902604.6
865;411490.2
9174;3249204.1
1126;128100.4
1478;2419347.7
150;1907168.5
1672;496995.2
2082;152549.9
2225;2561989.9
269;290022.6
277;1307099.9
4143;425410.0
4209;443475.2
519;1027439.2
7043;2840999.6
7586;1858237.7
9973;5255817.5
11123;819202.1
11662;4530544.6
1225;152390.5
12616;2303788.1
12739;796053.2
1390;496688.6
1581;669051.6
1640;1957153.9
1768;2156768.0
1881;222178.0
3664;55139.4
37;1893642.7
3950;617379.6
3990;1046065.5
4250;1538384.8
4334;1680695.4
4603;595584.2
4755;186837.1
5374;516647.6
546;919579.7
1049;1521606.5
11857;2724423.2
12;696434.1
1525;783618.0
2042;431002.7
2338;816974.1
2585;866812.8
3385;287474.1
339;658481.8
3588;2481001.5
1255;1133562.3
1273;276448.6
1335;3050575.5
157;962673.0
191;2408813.8
2189;580495.7
2232;221032.7
2486;642236.0
2517;325614.1
2558;681917.3
1047;41300.0
10778;820542.5
1142;838372.1
1548;409135.6
1990;3632471.6
2146;2678237.5
2216;4611960.9
2414;2339931.4
2429;3388618.4
262;1131380.1
1518;150940.7
1539;315799.1
1624;736932.7
1793;2210193.8
1958;1714724.5
2354;2788914.7
2683;152560.6
2714;1829784.3
3521;516721.1
3578;191962.1
3733;2777511.8
3794;248163.2
4341;444211.5
4358;1605427.5
4372;718706.5
4882;1132644.9
4942;3833671.6
6367;7020378.1
874;118957.0
878;332726.1
9718;3537935.4
9995;1030207.9
3095;777709.4
3327;526737.6
3506;368428.3
3541;5617388.1
4080;3642787.9
4104;334278.4
4196;1212735.8
4199;266609.1
4224;1208351.2
4266;390003.1
4362;34700.0
4457;1420061.1
4802;390192.6
4925;2034477.0
4979;4691681.0
663;150143.4
7291;4940969.2
730;311146.4
917;1838412.6
4930;810751.2
4989;567775.0
52;551761.4
5469;216050.6
644;2466938.0
6886;1090190.6
742;1453305.9
973;1105973.3
2596;2871343.3
2604;119851.6
2709;1394394.4
276;1307099.9
2821;833483.4
2840;327894.2
2954;447065.1
298;94886.3
3054;1590860.3
3272;911304.9
1488;231111.1
1519;150940.7
1954;849475.9
2131;720106.6
2319;451860.6
2547;286340.1
2676;1362635.3
3352;140983.0
3572;660036.2
3607;3181736.0
2823;1589391.6
3176;201499.8
3524;1020652.5
3527;1337427.2
3622;318686.0
3653;310710.0
3672;3430808.2
3860;1391202.9
3883;3568577.0
3958;2717231.3
100;2389074.6
1106;686270.9
1697;1406981.2
2206;2049517.8
2337;747366.5
2351;3011953.7
2646;711766.1
2705;389494.1
2775;346327.3
2841;2359485.8
4928;528993.9
5233;2013983.3
5699;1391752.8
619;454939.2
733;108158.1
745;1634260.9
684;524189.9
7723;1959734.8
981;3174784.6
9833;3719383.0
1092;512748.8
1131;313137.7
1261;3812220.7
1453;3098387.7
1769;124371.3
1865;3556082.0
1964;480108.0
227;566899.1
2481;1951828.0
26;156751.1
4239;300239.5
4263;1055507.6
4395;1027908.4
5107;3700254.8
548;7343396.5
866;921581.1
9946;4178734.3
4352;2773176.7
4696;329957.3
5441;1001442.5
558;189995.3
7567;2334030.5
1017;149250.1
11362;405023.5
1288;1041407.8
1835;201402.5
208;3087298.8
2106;253879.9
2148;5058401.3
2611;1143713.3
2719;5242250.5
3193;2064226.6
1705;2734783.6
1976;750019.1
2041;848443.1
2145;560610.5
2178;582224.0
230;1735402.1
256;2097838.8
2599;298160.6
2657;1804491.0
2747;1366438.0
1344;657602.9
167;1334275.6
1961;794105.5
2160;300695.5
2391;3143790.1
3082;2526997.6
3294;1223469.3
3655;3122623.7
3761;430104.3
3847;887134.1
11105;1120643.2
11286;1723365.8
11710;1240929.8
1201;175277.8
1465;295203.8
1693;640427.8
189;264409.6
2122;3915816.8
2600;299557.4
270;1037441.6
779;3984868.9
957;71548.7
852;485179.7
9418;2134150.5
9427;4303393.3
965;166195.1
877;332726.1
9611;5564809.3
9776;2182912.5
9872;3033877.3
7632;2860349.3
8489;323974.5
4581;1374663.9
4707;1786845.6
5175;2876934.1
526;3113846.9
623;842327.7
6383;1629607.6
6511;1941896.0
794;615958.5
9458;1859922.2
952;108753.6
1980;1715572.5
217;82824.2
2302;3995867.3
2912;765946.2
3062;609017.4
3598;593109.1
3792;1621150.5
3869;2046181.0
4715;3743593.8
500;1335409.8
563;179293.6
603;2868308.2
9664;3343106.6
4103;632163.1
4234;484647.2
4396;4012633.9
4413;758514.2
4657;1833383.3
473;897534.9
5801;436087.6
5928;2059393.3
618;376147.4
630;2303626.2
260;72836.4
2963;446540.8
3749;785478.9
4853;1307194.7
5526;940579.0
7959;3714405.4
9316;2635859.1
3155;172661.3
3163;1011290.6
3166;2009369.6
3227;133951.4
3404;2004907.1
3591;746207.3
4496;1285904.2
4737;407635.2
499;281159.0
5539;3097350.8
6033;2365952.1
613;3298287.9
718;639275.4
8502;2136343.8
1936;1714072.9
2016;287403.3
2415;2339931.4
2436;171377.1
2545;252505.0
2812;802378.7
2988;254981.4
3145;459899.0
3570;555131.1
3863;623991.1
625;415335.5
9456;1412065.0
9680;705865.0
11130;1189610.6
1135;741205.1
13190;2316872.8
1508;425231.8
1526;783618.0
1915;861982.5
2772;322485.6
2784;37700.0
3078;752174.7
3207;210662.2
10145;5859736.7
1032;563337.1
1056;444329.2
1729;1184193.8
1931;157560.5
2090;649755.5
2111;162303.1
2633;4853315.7
2699;5572379.4
2942;1276597.6
10077;1163146.7
13260;2291201.5
139;1614285.2
146;1244001.2
1510;1800220.4
1530;557366.2
1911;368906.0
1926;108613.9
1938;1959712.6
1988;1721392.0
4833;817029.1
4972;766931.7
5133;5533534.6
5366;4887794.3
628;851226.4
636;204968.8
808;416282.2
813;687225.0
843;106102.7
856;288940.6
1013;1764205.2
1070;305704.0
11304;1273238.1
1334;558065.1
1427;4467812.0
1455;516086.8
1722;417492.6
1888;249631.5
2231;433702.8
2282;291939.1
107;2849715.8
110;488768.1
1269;682279.0
1375;467599.8
2396;959020.3
2795;1347076.0
2811;577952.1
3003;399714.1
3153;622703.7
3248;400729.3
4721;3451186.3
503;2470772.7
5376;2533806.8
5788;1367280.2
633;1009066.2
8200;849219.5
873;665545.8
897;1680530.5
9451;1455396.7
1022;613535.1
1082;2305458.5
1307;1113518.9
1576;724277.1
163;377550.3
1782;1559965.4
1940;343971.4
2123;300640.3
2174;291589.2
2183;443059.8
2118;852899.1
2426;375356.9
2437;1516887.4
2571;886297.6
2603;1049923.9
2831;1369283.0
3285;2181343.7
3340;1347581.9
3892;377788.5
4280;1057900.4
3595;2445753.8
4159;253174.8
4201;966364.9
4458;1900085.0
453;713744.6
4576;2258125.6
502;270643.1
5367;4887794.3
6191;6939091.1
632;1009066.2
906;109621.2
3170;481661.5
381;188708.4
4006;319082.4
455;348200.3
4579;873593.7
4621;2248726.5
4992;646549.8
6616;5222163.8
839;4886608.0
948;334088.3
1216;3194455.8
12695;4029417.9
1439;1894560.6
1540;1202830.5
1541;1202830.5
1668;3661373.1
1820;306405.7
1916;371802.7
2516;226491.6
2666;594218.3
3460;788035.0
3718;158486.7
4113;4409006.7
4599;96400.0
4694;289594.2
4713;210293.1
4781;377585.0
653;506925.7
753;1046762.0
7753;1948832.4
1038;2515953.8
1051;541700.8
128;1858511.6
1316;1228445.3
1685;3436127.9
23;417081.2
2374;1837377.9
2502;696723.9
2635;4389881.7
2782;3088713.7
2810;2104698.3
2899;688755.1
345;1826154.6
3945;6279458.8
4139;4707087.3
4275;437053.5
4346;560196.4
4368;927742.3
4385;1444247.8
4571;1902835.2
3081;2833305.6
3164;1011290.6
3465;3137489.3
3791;2562006.0
3881;421558.3
3894;2850307.9
3975;1173834.2
4161;1433352.6
4190;1679277.0
4450;1286679.7
1027;1187738.7
12221;1121550.8
1247;5955593.5
1527;427181.4
1571;940394.2
1762;5983570.4
1951;164156.1
1966;483456.8
2468;797408.2
2994;874123.1
10199;6306714.2
103;447055.8
12133;2194456.9
1231;575432.4
1397;781247.7
1461;1344454.6
1802;410502.1
1817;1005051.9
2152;965394.8
2328;832197.9
25;1608315.1
2867;154338.4
3185;3562778.3
3262;72518.2
3273;911304.9
3438;1537281.2
3456;1357391.1
3498;6013014.3
3538;2400031.3
373;860794.5
2679;1491434.6
2748;1366438.0
2910;752639.7
3122;1494828.2
3375;766018.9
3431;1959574.2
3743;1984225.7
3756;921511.3
3806;1231952.7
3818;153604.6
1262;1760655.9
1558;727453.9
231;1955973.9
2356;552819.7
2523;2327661.2
2922;6129749.1
3270;2522097.5
3332;1712416.2
3840;253653.6
3846;847977.7
1162;617353.6
1183;906141.6
1410;404932.5
1479;341973.6
2553;361251.8
2680;1491434.6
2736;1074345.7
2944;278729.3
3017;574915.5
3306;920349.0
1507;546840.9
1622;134487.4
1680;2547089.4
170;2205418.3
1923;768338.6
1969;382768.9
2023;308015.1
2771;322485.6
2813;2288969.7
2836;361113.7
4611;996662.0
509;393289.0
624;842327.7
781;2672514.7
9760;3054467.3
1042;215131.3
105;186942.3
11093;4704603.1
1168;899960.7
11804;4484298.0
1780;384430.1
1896;485810.5
2021;731805.3
237;672821.5
2492;217839.2
2934;2168346.1
3023;3075109.5
3075;2308512.4
3091;349542.7
3214;589602.4
3602;3357110.4
384;2888199.3
3991;792045.7
420;496620.7
4393;87400.0
3108;4201801.0
3428;1556880.4
3432;3097488.1
3481;341546.4
3516;824977.0
362;340272.7
3779;1352263.8
4124;695921.6
4339;1267648.4
4801;314921.9
676;1362828.3
706;1203425.9
810;1098253.7
9457;1859922.2
9798;2457476.4
996;665422.6
10075;2790319.5
1292;1019738.3
151;3173857.4
1800;1736899.5
1849;247502.2
1873;2687557.9
2173;1142177.3
2542;4869950.0
2848;845445.1
2916;266754.9
5461;903690.7
598;2852262.4
791;1230006.6
809;366987.8
8130;2194930.5
532;5868731.4
8571;991367.3
872;35400.0
553;635661.3
57;1204516.7
861;2879621.0
9616;3782368.2
3983;565851.8
3996;561760.3
4066;359259.5
4205;938335.8
4730;153440.2
483;1788772.6
5352;853519.2
5859;2972808.0
635;204968.8
8089;1553016.0
1099;126892.5
12756;3417263.9
13820;2188039.1
1483;1528260.4
1623;224370.3
1735;40927.0
1943;605278.6
2058;6303630.0
2108;898493.4
2180;1352192.8
3583;3612563.1
3716;3537911.9
434;1277400.3
4355;112745.0
4376;1269588.4
4476;613108.0
4595;339237.1
468;683203.8
5213;1061888.3
5642;1976110.7
3;3243070.0
3325;1686455.3
3337;948455.7
3662;837705.9
3952;2874395.5
3978;3068534.1
4195;1034712.9
446;1217396.4
478;3473987.1
4786;2482917.8
2100;660884.4
2113;1942032.3
2126;2347329.1
2156;3334743.9
2188;712229.0
2385;448297.9
250;822283.5
2654;1525358.9
2889;1706730.7
2913;3164103.9
9930;2004223.4
2752;206386.6
2773;373501.7
2814;2318241.4
2903;536645.5
2991;512291.9
3084;3508021.0
3105;2401668.4
3137;59900.0
3191;1743423.1
3226;481984.1
11517;2600702.4
13346;1740445.2
1598;575760.5
1635;437488.2
171;630967.4
183;404905.6
2263;695218.0
2421;221142.3
2642;340820.2
2671;1662522.0
3446;72400.0
372;220283.9
3771;1183433.9
4018;234167.8
4323;488424.9
4389;789890.6
4466;862779.3
554;844830.7
5701;3723626.0
726;281680.5
2336;747366.5
2463;2423687.1
2626;6200452.5
2731;670518.3
2779;650360.0
2845;821862.0
2947;570173.1
3036;1375431.4
31;2999435.3
3117;147469.9
4752;137052.1
912;451328.0
8287;715608.3
921;538816.2
9428;4303393.3
10511;5676384.1
12324;1784894.3
126;404655.1
131;203518.1
140;1614285.2
1433;458547.9
1633;262510.5
1676;722226.7
17;210658.0
1772;3000338.7
1064;2152057.0
120;2523157.1
1580;1671105.7
1671;496995.2
1860;2217975.0
2221;1787400.6
2340;267150.3
2668;271589.1
2875;371643.1
2900;155833.8
2667;271589.1
3010;1425163.7
3348;1065504.6
3353;140983.0
3503;898831.7
3758;418993.7
385;40909.0
3926;1126928.3
4116;2551202.2
4126;1408978.6
8692;2044668.7
280;583157.5
3323;553583.5
3623;1045369.1
3896;657395.0
3921;476649.0
3951;617379.6
41;3235876.8
4231;2249262.6
439;3594226.7
4697;939152.3
4596;54000.0
4811;1290486.5
55;4941157.4
5827;1373636.7
931;941114.6
9914;1172105.0
4505;2487517.3
4915;3580288.8
507;237225.9
545;998043.7
606;461733.4
8393;1860223.0
891;540953.7
3056;2543047.7
3658;527488.6
4311;197654.1
4331;1955088.0
4493;1502553.5
4689;727005.6
4754;2566497.1
5579;1197197.5
5978;2365910.4
6122;2034241.3
2435;174011.1
2507;598571.8
2629;143024.0
3079;1216123.1
3240;224916.8
369;405039.4
3763;4952123.3
38;4564283.4
3880;1303998.8
3899;323189.4
688;851187.0
744;83300.0
914;882218.7
4051;508734.1
4055;2137909.2
4822;2172781.4
4824;103767.5
531;5868731.4
5365;2151670.9
6318;7298574.8
754;3397889.2
830;1059733.5
858;2134684.2
3887;146608.6
398;172030.9
4108;216602.4
4193;209479.9
4288;1315610.0
4353;2933249.3
4406;1188807.1
450;352589.6
4610;812535.7
471;4529412.9
3319;4696677.3
3533;1070733.0
3673;1345771.2
3735;1598428.4
3965;172287.8
4017;2987853.7
4185;726305.5
4424;128382.3
4454;2589877.1
4727;3579405.3
3245;1011785.7
3455;4362100.7
382;188708.4
3857;583394.1
393;2535204.6
4096;1732400.2
4298;102578.5
4299;2719367.1
4488;219044.5
4625;2069662.9
1034;1421845.7
1132;313137.7
1169;593609.5
1174;3086569.6
1274;189238.2
1289;1412571.4
1313;794117.2
1406;1074656.3
1534;480063.6
1813;3294422.6
289;5033327.8
3132;341039.0
3387;2811384.0
3439;727038.4
3492;2640153.1
3632;3447237.5
3644;2164909.2
3694;393627.7
3768;2647788.9
3787;1727858.9
127;853811.9
1463;489012.0
1690;2574059.2
1929;1716601.1
2064;731103.1
2095;740058.9
2264;384830.8
2318;659005.2
2458;3576590.1
2471;2150444.7
4468;1520740.6
4499;381209.4
4751;1726211.7
5487;493230.4
5684;2694016.3
6178;4802867.5
6342;1912006.7
6987;1846734.3
9173;3249204.1
1036;371966.6
1299;300616.2
1328;801862.8
1392;699105.2
1516;1940425.9
165;54000.0
2235;2880173.6
2949;88748.2
3293;1179455.9
3458;3526389.9
6235;315596.6
7339;824244.2
1094;77691.3
1166;901743.2
1330;1911961.0
13998;2623161.9
1810;717518.1
2154;1213211.5
2192;2883811.8
2430;956199.0
2659;479045.7
2727;159936.1
3045;446692.6
3051;574953.8
3073;1141397.8
3479;239547.0
355;191661.0
3782;4400122.6
4079;1429084.7
4455;776409.1
4543;918749.0
4734;523131.8
1002;185996.6
1125;128100.4
1154;395452.9
1522;2185181.0
1781;428627.0
196;658909.8
2;3243070.0
2153;532268.1
2194;1544046.2
2655;350371.1
3584;3612563.1
3742;1984225.7
672;781968.9
854;2254563.3
938;2818995.1
986;1010555.3
1012;1764205.2
113;2284009.9
1215;2386586.6
1314;794117.2
1365;383600.0
1556;6619163.1
1569;2829772.4
2026;507818.7
2447;630146.5
2759;2493958.2
4565;5923504.0
570;333365.9
6469;2321615.9
7186;931952.3
888;119332.4
9546;1530344.8
10475;2669138.6
11314;2099633.6
1303;429360.4
13658;5667989.8
1428;138272.5
1457;402165.9
1476;773551.1
187;467104.9
2000;492919.3
2035;608186.7
3314;349537.3
3360;540758.5
3773;111843.8
3797;321666.0
4073;1306185.8
4300;1143709.7
4373;732127.8
528;224522.6
6422;951342.2
749;425324.6
3670;2609156.3
3947;916749.6
4267;660609.1
4414;328825.8
4539;947291.3
4608;1174485.3
4642;2824143.6
4929;795202.3
5308;1562790.1
6067;772252.6
3976;182463.2
4549;215836.2
4570;1013917.0
4652;2110044.4
4667;676527.3
4699;901637.7
6468;1047421.6
785;580594.4
824;860294.9
8342;3006086.1
2902;536645.5
3676;2081939.3
4247;652068.7
4615;724583.0
4741;392787.7
4941;183089.3
4961;649065.4
5189;82554.5
5283;916351.9
7311;1698608.7
2616;958015.9
2794;1347076.0
2802;143241.8
286;66400.0
3048;356329.0
3329;181011.4
3536;653128.1
4404;2638925.2
4490;344001.2
4640;1797370.2
3699;1051855.3
3984;1941798.8
4286;507260.0
4472;858168.7
7327;321723.7
78;4697877.0
790;200643.0
1000;2505434.4
118;174718.0
12561;1003956.6
1734;40927.0
2102;1601835.5
2169;135744.0
257;122055.2
2745;2685563.1
3046;586007.0
3049;5635128.3
2936;1006613.0
2952;2890362.4
3026;2235711.4
3202;651329.5
329;1109643.1
3366;1545287.6
3420;167258.4
3579;191962.1
3757;694871.7
3995;1590647.4
1331;504486.7
1625;736932.7
1656;840520.6
1883;3159386.4
1890;2528016.1
1922;967530.3
2049;743463.8
2051;636332.5
2485;407651.7
2500;688357.3
412;2135448.5
4238;5619323.4
4327;352760.2
4602;2762331.2
4773;1926525.7
5468;1914117.0
6034;3229231.1
6040;2364167.4
6552;794882.3
729;311146.4
271;1037441.6
3094;701308.1
3497;216496.3
3508;2668590.8
3925;230518.2
3943;475663.7
4348;1741134.7
5333;2793717.2
5618;1728981.8
8615;3207605.6
5736;577298.7
833;1621552.6
950;486971.4
10090;1004233.2
10492;748697.6
1521;746558.3
1675;2229142.6
1979;469500.8
2030;1298108.1
2124;1151165.3
2291;1744302.2
2583;289991.4
2733;301202.1
6895;1557288.2
720;430078.7
8510;629779.1
6391;973321.4
7914;4461896.7
984;1809283.5
2943;211780.5
30;695992.6
3288;173931.2
3346;2718795.6
3386;577545.1
3466;520778.9
3478;239547.0
3597;123940.1
3615;2751190.9
3988;1559047.9
2303;3535266.6
2390;4733894.8
2765;377779.9
3106;248103.9
3181;2255155.4
3279;1591596.8
3548;6240927.6
3691;1796240.4
4363;34700.0
441;4666559.4
959;140654.7
98;1424108.1
980;5605907.4
697;166963.7
9202;3002665.4
928;1253193.2
1058;108379.3
1193;578342.8
1494;434131.7
1579;1402994.5
1833;2088982.4
2028;278593.1
2097;346727.2
2573;143815.1
2691;3737260.6
284;416790.5
908;42800.0
4712;2003079.1
4968;693014.5
5137;595193.6
905;764142.2
10023;1624821.8
13576;3905336.7
1644;327192.7
1904;865764.1
2075;220233.5
2267;1567083.4
228;2824591.5
2280;334140.4
2324;765559.7
2510;1961948.5
4226;456838.6
4436;375566.4
4664;259475.4
4944;596189.2
5246;1022453.8
6;354334.4
6257;1427754.8
669;679431.5
4173;1290299.8
4187;779080.8
452;1943190.4
4635;447404.8
4677;374287.1
537;3438980.3
1110;340932.5
1147;275513.4
1167;901743.2
1378;3045550.6
1871;503444.0
1935;543825.8
2217;4611960.9
2304;3535266.6
2494;743167.4
2687;4565692.1
1165;1091987.2
1171;151567.4
12586;2001191.9
1391;869058.7
1771;244637.2
2038;3480187.5
2297;2612003.6
2844;1294749.2
2976;317375.1
3330;181011.4
2566;5558434.8
2817;393587.1
2859;190050.4
2864;540612.4
3246;262664.4
347;1672909.4
3689;3897780.0
3917;1683068.5
4184;56400.0
4551;803727.5
1066;2963042.8
10714;1003181.8
1396;1781117.6
1831;4932848.3
2198;148283.4
2269;2802327.5
2348;233164.8
2491;217839.2
2927;168257.8
3667;6433486.8
738;185831.7
936;725432.8
9987;2388649.7
9715;5430338.7
1018;5681985.4
11267;527112.7
1370;2931190.6
1864;3556082.0
1879;749602.7
285;66400.0
3165;881915.4
3222;616407.7
3643;1125459.9
3690;217529.1
1155;395452.9
12625;4479564.5
13172;1361420.7
1368;216824.0
1466;790561.7
2401;643549.8
2418;418796.6
2546;736762.6
2724;2866105.8
2855;143883.2
1;377626.5
1024;1357703.8
1085;470701.7
11250;1886254.0
1150;501832.2
12577;3888081.2
13380;2404346.4
13750;4631269.6
149;91495.3
1778;138394.8
1095;77691.3
13089;1972474.2
1666;176011.3
1726;481323.2
1801;410502.1
1843;452529.5
2024;208268.9
2061;115623.6
2219;1173562.9
2230;471269.1
11271;761981.1
12890;2581669.4
13886;2880850.7
1403;605587.1
2440;2798475.5
2652;2451055.5
2740;1235900.8
2996;85100.0
3096;489436.3
3116;2921995.5
2853;1358848.4
2920;705719.5
2978;3270608.5
3014;1178040.8
3209;72993.1
4136;1839994.0
431;482771.0
49;555118.1
5704;391675.5
6255;948894.0
10198;6306714.2
1075;817675.2
1115;227905.4
1720;708853.0
1743;606148.1
1949;1629061.4
1993;2227684.9
2208;1988999.3
252;219590.6
2828;318627.3
10282;2831596.3
1333;1861304.7
1341;1101632.2
13845;1345216.4
1586;1135095.6
2029;892327.0
2620;1218425.3
2698;5572379.4
3133;899340.8
3326;3467563.1
8432;3782090.1
851;485179.7
862;495419.9
886;3320495.8
940;1485796.9
2201;528550.3
2423;2926629.6
2443;405549.3
2846;4351446.5
29;3201667.0
2989;743356.9
309;1783951.1
3268;1499635.3
3399;604080.5
3406;5791136.4
626;5191731.1
686;2427132.6
73;227127.0
87;2570641.1
890;488917.4
974;1105973.3
5072;157774.8
541;432279.8
9670;1325739.9
970;1507746.6
3087;75637.4
310;1648312.4
3148;4537589.2
3395;3317449.2
3544;1913271.4
3636;323952.2
3727;316741.9
3927;518413.2
4235;3072421.1
4469;559223.6
1054;540337.8
11874;2066188.3
1277;160278.0
1345;1187374.9
1367;216824.0
1452;1772551.1
1563;1345228.7
1589;2196935.4
1605;303520.5
1814;1496376.9
3509;2668590.8
3512;984497.8
3663;55139.4
3770;745678.5
3999;937827.3
4305;338116.6
4582;305899.7
4587;1547182.4
4659;1974904.0
4693;289594.2
3126;145120.8
4748;360823.2
6844;2564424.1
807;58000.0
8362;1459570.6
933;278633.7
9834;3719383.0
7325;2661904.9
892;779913.7
3194;721557.0
3748;804610.8
4071;3441779.8
4160;1271469.9
4237;705263.1
4330;371820.5
4792;859740.0
797;823644.5
815;580132.4
11208;3613555.6
11574;2802485.6
11638;2506606.9
1550;549216.2
1554;1154656.8
1663;2481662.9
1809;223549.1
1893;450575.7
2751;358044.6
2873;5325581.9
1834;201402.5
1887;276796.2
2325;427949.2
2441;687633.3
2631;426157.4
2981;2148640.9
3228;1619775.4
3351;842704.7
3437;801305.2
3511;1389838.2
2906;295058.1
3021;1486085.1
3208;72993.1
3305;1915963.3
3433;1315162.7
3864;623991.1
3997;490550.4
4053;363346.7
4309;866564.4
4405;2909578.5
4319;2045635.0
4550;797362.7
517;1557106.7
6001;2959450.2
7348;2868999.2
935;725432.8
533;1177557.1
5364;2151670.9
8013;3751130.5
837;885414.6
840;625796.4
11114;1227254.8
1422;253792.2
1456;402165.9
1688;560475.9
2004;2645179.2
2204;777148.5
2237;1022154.3
238;1770416.3
2582;414763.1
2682;1007168.1
7576;3684880.1
93;194529.9
95;245951.1
40;1378941.7
4427;268999.7
5200;6890369.0
8667;2030731.7
941;937039.2
9555;905420.0
9929;1331556.9
1028;1187738.7
1138;2564369.5
1355;2423513.9
1449;3437219.5
1621;774052.7
1725;481323.2
1828;2105180.3
1900;1215482.5
233;563428.6
2416;259352.9
985;1809283.5
1116;521113.3
115;6757999.1
1326;976631.8
1442;274214.2
1499;1896178.4
1567;222909.7
2215;591673.3
241;135182.8
2513;3258301.2
2806;1742114.2
6545;5066242.2
834;129937.5
92;2478514.5
4772;618159.4
4927;71402.6
555;844830.7
592;2121899.4
6551;4843977.9
679;1386970.0
739;190848.4
8096;743548.5
958;71548.7
4733;3280301.9
566;956501.6
593;4319762.6
687;2427132.6
6924;1741148.4
7102;1277979.3
860;3027461.4
8738;1239496.6
9346;2425318.1
9450;1455396.7
10287;3149327.5
11319;2623547.1
1186;732284.8
12102;7156152.1
153;814869.9
1914;861982.5
2083;1539551.9
2132;720106.6
259;72836.4
3269;146560.5
2358;2171199.5
236;672821.5
2528;479951.8
2529;2766709.0
3235;1880020.0
3289;911350.3
3374;417612.0
3502;898831.7
3505;214562.3
4064;1454882.2
1048;714301.8
10828;2136624.6
143;3118505.4
1447;825438.7
1727;726652.5
1944;1715640.4
2238;1022154.3
2865;493957.0
3123;328831.9
3201;1145542.8
3948;106959.3
4211;2881268.5
4274;215569.1
4743;1094272.9
5245;1977974.0
550;1506397.8
646;234714.7
774;1776048.7
9845;3436975.1
2474;898399.0
2508;502990.5
2868;250716.7
2891;501799.4
3345;2718795.6
3425;1576449.4
3785;816186.8
3803;657009.4
4440;3231779.1
485;1975577.8
3488;818685.4
3514;860844.2
371;1524538.6
386;285362.4
3969;1629458.7
4277;174258.5
4386;1307136.7
4509;426995.5
4747;360823.2
552;635661.3
3284;2181343.7
3434;1315162.7
3528;615312.0
3635;274402.4
3776;401281.1
3890;3125625.5
3957;420139.5
4001;2028015.0
417;694270.6
4292;157394.2
489;3107926.8
661;704875.0
2704;659572.4
278;272312.8
2911;765946.2
2937;752634.1
2961;172981.5
337;391757.4
3371;117080.3
3464;1476551.0
3594;1015014.5
3611;330676.7
3546;1376326.1
3802;395465.7
4179;412040.5
4402;691027.4
4542;1224701.8
4862;1007732.0
5473;93354.7
703;55762.7
724;513973.3
788;862751.5
4791;2334595.4
4814;1468982.5
7814;4947234.3
9915;5557728.7
1089;2233567.0
11136;4379955.4
12840;584023.0
1296;3108136.1
13548;5217788.4
1679;61891.3
1747;210795.8
1882;222178.0
1932;810549.9
2017;287403.3
1971;2444819.7
2309;1460121.2
2323;297473.1
2380;504467.1
258;122055.2
3449;296840.7
3981;2072957.6
4054;685977.4
4112;677679.4
4246;1665248.1
4949;582992.5
5128;4608526.5
556;2767125.4
597;3177178.7
712;288485.7
85;3299662.5
8764;1109399.3
9274;3371966.0
2957;159918.3
2965;263581.9
3712;584364.2
3760;1707806.2
3980;1532621.0
4009;2293068.9
4021;1640708.7
4107;1243789.2
4146;239307.8
4158;253174.8
3774;324087.1
3939;570309.0
4186;417178.2
4273;219708.3
4407;672787.2
4446;1599438.3
4495;970051.5
640;3332288.0
6546;3978514.2
8074;2266679.3
4624;2069662.9
4670;930997.4
492;752145.6
5433;4030533.4
5574;2112504.3
7195;5045008.5
736;167624.6
876;5678818.7
889;987478.3
1087;1186494.1
1157;4585459.1
12092;2042321.7
1654;1275819.6
1738;1209909.1
1857;831837.5
1942;562953.0
201;243389.2
2163;224690.4
2311;1568150.5
2869;237933.9
2982;5101107.3
3069;891579.5
319;355548.1
3659;266423.3
3746;154456.7
4349;458900.1
456;2408335.8
4739;1819698.2
4763;1969308.8
2482;331898.3
292;258145.4
297;94886.3
3018;226360.3
3083;1545474.8
3141;302672.9
3144;459899.0
3476;2564400.7
3480;341546.4
3734;339934.5
3204;1196679.9
3471;1030567.7
3628;246836.2
3766;478849.5
3817;777195.5
4400;2674648.7
4452;175045.1
4483;487913.0
728;403500.3
7435;1263025.7
1077;528261.2
108;537083.8
117;1344570.4
1674;422635.7
1741;148266.3
1997;241547.0
2236;443598.6
2326;522013.8
247;226356.1
2650;3054254.5
11755;2205474.3
12095;4739417.7
12851;1598378.3
1291;1322949.0
13803;2292616.0
1583;3799198.8
1755;718499.4
1973;610824.6
2109;166261.0
2511;645668.9
1035;371966.6
1037;2001244.1
1123;266994.8
11406;1382743.1
1163;717924.6
1181;581983.4
12417;4944835.6
1268;133977.7
1293;384568.3
1702;283867.5
3835;602078.2
3862;739264.1
4367;223030.0
4574;888228.4
48;910446.9
8392;1860223.0
407;129652.0
4294;6363065.7
4528;513416.7
4545;410773.1
4618;627765.6
4654;1162185.0
4742;1094272.9
4750;1183619.6
4799;1421082.9
547;1226336.1
322;419893.4
3426;401337.6
3634;274402.4
3841;185412.1
4536;5441866.3
4679;538546.3
5159;2238592.4
564;179293.6
567;956501.6
6042;3224298.5
5241;3270163.2
5254;3428217.2
713;1945048.5
776;562061.8
6501;1419659.8
705;70700.0
955;1856846.0
1067;2634541.3
1086;1186494.1
1119;1313305.3
1240;94932.0
12547;1903723.7
1343;657602.9
13751;4631269.6
1420;594889.7
1677;722226.7
1709;2849494.0
4410;213342.6
4492;315735.7
5163;947785.4
557;2140534.5
696;855032.7
83;2700153.5
844;2678227.2
9582;2124085.0
3796;321666.0
3989;1559047.9
4057;621968.3
4072;3441779.8
5143;681066.0
6115;2458669.2
6301;2248824.5
1001;175584.2
11461;5017326.5
11683;2965562.8
119;174718.0
12599;2477036.9
1389;313358.9
1629;3061406.2
1779;2349117.6
2117;1932190.0
2193;2883811.8
1043;215131.3
13071;1829976.5
1425;509332.0
169;2205418.3
1706;2734783.6
1880;573837.1
205;1060349.1
2129;4297859.3
2402;655384.4
2477;574001.1
1111;615946.4
11331;6516182.3
138;1240684.0
13852;1123306.1
1497;407451.5
1620;4797384.7
1910;241679.3
2139;290409.9
3019;2271732.1
3107;4201801.0
1021;428587.9
11147;815114.9
11327;1062515.4
11794;5562027.2
11978;2154919.3
1429;138272.5
1584;513083.5
1673;390415.1
1692;103598.0
1972;975109.9
4015;1620113.2
4024;1105521.3
406;327041.3
4094;3226816.3
4269;260507.6
432;1543724.6
4478;5621797.0
4823;1052129.7
584;537756.1
10662;892990.7
12754;2370527.6
1282;1133361.6
1459;479297.0
1535;1654924.1
162;742484.0
1775;2845263.7
1836;3955824.1
2164;2637491.7
2281;763947.1
4418;579845.4
4511;2846631.2
4562;633931.8
5240;1860920.3
7772;1478931.0
8677;1316063.9
964;862348.1
3044;1771676.5
3195;1580888.6
3264;2841277.0
3283;408212.0
3729;997892.6
3741;1165422.2
3960;211419.9
408;2647881.6
4175;2032713.7
4397;4012633.9
2538;1524997.9
2591;682515.3
2684;5384222.9
2925;289828.7
3020;333257.2
3160;755252.5
3182;231462.7
3421;1249274.3
3560;282729.3
4019;1052799.2
2787;1067172.0
2797;609753.5
2809;3187707.2
344;748010.2
3535;488822.5
3910;242822.3
4075;599817.0
4099;1067889.5
4307;369277.6
4318;2045635.0
3469;630233.2
3540;5617388.1
3585;84100.0
3603;387665.8
3608;2213207.8
3713;1385606.1
3963;737005.2
4535;559774.8
4785;294799.2
4959;627166.1
464;1627814.1
4641;2824143.6
4720;1827124.0
4779;153726.6
5217;670805.9
8636;793655.2
102;447055.8
11126;3346619.6
11943;4806533.9
2060;264036.1
2373;2018278.0
2870;2758917.4
3047;837814.3
3157;2834334.8
3287;473471.5
3780;365613.5
3915;2429020.3
4169;1380564.6
4301;384242.8
4643;896971.6
4711;1582417.1
474;2519818.5
7843;1304714.5
976;1948680.8
1069;305704.0
1105;686270.9
1148;296174.5
13262;3326691.4
2422;2244300.1
2579;116542.6
2851;383221.9
3008;212091.7
3177;2200505.0
3994;574197.4
10798;4200596.2
1084;1113766.8
11034;3429692.0
1206;267258.0
1513;3472132.2
1700;3684631.5
1713;1285562.0
1830;1525522.8
1842;1866209.8
1889;381103.1
3755;67249.9
4076;3253216.8
4120;2791075.9
4494;2048541.5
4660;328976.1
4683;239725.8
7727;2143772.1
8091;6434129.2
9217;695028.2
10095;5834577.2
11360;2729966.2
1204;4787248.9
1212;308468.7
13915;2518593.1
1531;1534782.4
159;2631765.3
1643;266447.7
1760;852544.9
2070;2058274.4
3041;755746.6
3071;450572.0
3150;293233.6
3231;2347492.9
3308;3403028.5
3569;260319.7
4049;1905707.0
4335;861032.6
4523;1393829.7
4553;1273157.8
12943;2759499.3
152;389885.0
1529;1191490.3
1824;1414587.1
186;1598000.1
1934;129268.0
2260;383431.3
2333;1331629.5
2417;412173.6
2419;1142671.3
1937;1714072.9
2228;3169333.0
2331;138750.5
2697;1437703.1
2777;815294.8
318;499646.5
3219;401171.3
3341;1347581.9
3467;520778.9
3730;1903606.1
1065;406270.2
11122;1938735.1
11873;2830779.7
1220;2835636.5
1281;2853429.7
1376;372008.0
1948;1629061.4
20;2332644.9
2345;1321271.5
2830;440866.5
2388;1692756.0
2559;137803.4
2622;547994.8
2783;407115.1
2815;523123.8
2938;346885.6
3100;724406.6
3244;379897.1
3286;473471.5
3342;562703.9
3686;423931.2
3934;244348.1
3956;420139.5
4114;1477355.2
4259;2747946.1
4350;458900.1
4481;59200.0
4774;557315.8
4831;89300.0
56;1204516.7
1003;295117.0
1229;109707.0
13448;3492585.4
1823;1464983.4
2015;771886.8
2068;141259.3
2298;2612003.6
2607;351505.8
2662;405211.9
2689;861354.1
3710;822326.6
3784;691298.0
3839;101180.3
3888;146608.6
39;5817879.5
3932;236550.5
4220;1818192.4
4254;84305.9
426;392639.2
4500;493636.4
10273;1847553.1
10555;2325347.3
11875;2066188.3
12359;829130.6
1511;2312549.9
1670;1725827.6
1687;459587.4
1795;1141030.7
2001;978761.4
2039;791191.6
1025;3377510.7
1197;1298783.2
1417;511798.1
1694;640427.8
1807;575593.6
2093;2237715.5
2286;500252.4
2343;172293.9
2404;424212.9
2551;598111.2
1098;1234715.8
1121;791457.6
12145;3389865.3
1730;290853.1
1846;208811.4
2128;1480883.4
2137;1650054.2
2427;375356.9
264;1493404.0
2857;510047.8
11596;3267656.2
1279;2670734.9
137;157831.9
1618;937371.8
2196;171423.0
2411;1749801.7
2730;224084.1
3136;4074899.2
3203;1196679.9
3260;1836174.7
3477;4154516.2
378;564556.9
3800;720190.3
3937;730490.3
4069;1014574.1
4222;323252.5
4529;2214883.0
4629;673916.4
4800;1421082.9
5180;484693.2
