10703
1728
2587
3933
586
2210
320
5580
804
2376
2744
1504
1547
1604
2346
3417
3555
1994
2134
2151
4412
4668
4778
2007
2987
3736
6893
1317
366
148
2837
3968
4994
9419
12383
357
3700
3866
2651
368
3680
4688
7724
8678
4761
572
820
1104
2718
3250
3408
3641
5321
647
2085
443
2350
3118
71
1543
2442
327
4245
5398
12730
2359
4133
477
658
1007
1060
1294
166
2833
3609
4445
11977
3278
4041
7423
1667
3901
1471
3050
4023
4214
1423
1600
2033
211
4628
4728
514
10096
10351
2162
467
691
8433
3140
4564
11380
1139
4552
4775
5215
1134
2062
2191
2512
2767
4530
3871
4441
4525
620
845
943
10201
3599
4085
2315
3473
4810
1033
1063
1393
2674
283
2955
998
86
291
3557
3827
1684
2101
346
4324
480
11907
1701
1986
3180
342
4586
4726
1386
3592
1634
1649
2301
3587
884
923
11867
1568
18
2258
3114
3309
3876
3905
4759
1698
2695
3061
1411
1602
2052
427
642
1338
3086
516
10998
4123
4425
1395
2750
2970
734
182
3752
6186
1188
972
1757
1840
2483
2367
6474
11687
1808
1870
2898
3200
3526
3949
4127
1953
3266
2199
234
2341
2605
3280
3819
1227
12397
13956
1407
2816
1434
1968
3138
3174
404
1570
2107
2243
3032
1787
1818
1284
3804
934
498
5775
2241
2598
6256
1362
1498
1975
3403
4154
3154
3720
966
995
1593
3772
3909
4150
4714
1173
1612
2386
2804
3367
4252
4558
4757
3025
5201
811
2439
2617
1176
1797
2602
4074
4183
4497
4691
784
2518
2907
4447
5462
2509
2780
340
3688
3696
4268
4409
693
1549
2253
99
1010
1636
2046
2094
2306
4204
4242
4682
1630
2448
3221
10274
12051
135
1426
2143
2362
2593
3004
2632
3668
9776
10041
1258
1360
172
3111
732
1928
2003
2381
3966
4052
828
2275
4975
1074
1143
16
3315
488
11131
527
2866
3068
3149
3931
401
4148
5
1263
1845
204
2050
2919
363
3859
865
9174
1484
3206
945
4354
5338
1118
249
3413
4460
4486
4753
602
12755
13469
1704
5108
200
2012
2020
2115
2648
279
2863
3709
3764
415
979
1252
3261
379
9718
10476
11979
1336
184
2580
3541
4199
2610
2774
3801
730
1016
3955
2357
3252
1665
1827
3377
3923
9946
3882
4035
4696
10276
624
2983
11795
3057
3491
3895
718
1379
1562
1609
2570
2946
3171
3682
628
636
4297
633
897
9451
1232
2140
2734
4159
5367
9428
1053
2261
3398
7797
852
3851
3647
3664
37
4334
9664
2271
2456
2678
2886
3198
532
1532
2296
553
57
1097
2339
878
13291
1486
2840
298
3797
749
11714
1191
1721
1770
2640
3622
3653
3672
10288
11275
1351
3579
4635
1878
3945
5827
10988
3022
3081
3164
4505
8393
1348
2233
2369
3273
2202
2748
3122
3743
4822
5365
6318
985
1126
1672
277
4707
794
9458
10564
2934
3602
384
4468
4499
1838
3108
3428
3481
1377
155
2415
3145
5859
11
1235
1958
3584
1901
2098
3285
1444
4621
2165
3460
3718
4599
4694
753
12739
2912
4103
191
260
2963
10778
1990
1519
4642
1106
2337
1261
1865
286
4490
1835
23
3951
9642
12221
1247
95
10199
103
1802
2629
2523
6545
1507
170
2023
3455
382
393
4096
4488
4625
687
237
2492
3694
3768
4743
9845
1873
2848
3073
3479
355
661
1526
1915
2772
3078
4595
974
2090
2699
3
3325
4195
446
541
10077
1926
2188
1013
1070
1455
2903
2991
3509
9274
2795
1576
1940
2183
1541
3010
3353
3503
4319
1344
412
4327
4602
6040
936
11064
11710
1465
271
2680
4017
4454
555
958
1735
3406
836
113
1298
1314
1365
2026
3346
4478
13658
1457
2035
4363
4430
10511
126
140
3351
3437
1000
2169
860
8738
1132
1813
3374
4064
4294
4618
838
84
2458
2471
2891
5254
1036
3514
4277
4509
2727
3434
3635
3957
417
696
196
2905
2961
337
3371
3989
4072
11517
2421
4748
9834
2221
2668
3864
736
1625
1922
3917
2568
3014
3209
1494
2028
3729
4397
4438
5527
2591
2925
3560
525
1167
2217
2304
2687
4666
6750
3330
4785
2682
1028
3832
4070
4655
115
1442
3204
728
82
2132
1447
2238
564
567
777
1949
2208
3784
3839
3888
4671
746
258
4271
5326
951
11638
1893
2927
4711
11267
4120
1155
1368
2855
4523
4907
1778
1937
2697
3219
3341
3467
4025
4170
899
1095
1726
2219
3543
3677
3825
4047
5313
1160
1403
4350
599
1586
1712
2620
3937
4800
1620
323
1747
1882
2017
3379
3452
1087
1738
1857
1942
2311
3563
5144
799
8611
2060
3287
13262
4202
4285
4735
1084
1123
11406
12417
1268
1983
2289
2384
2405
2985
3657
11360
159
209
3320
7011
2333
314
3275
3317
3383
3759
11122
1281
680
13448
2298
3303
3462
395
4503
7412
13751
1420
1677
3242
4028
11875
12359
1687
3613
3631
4306
4816
875
1694
4435
4770
12145
2427
4152
2411
5319
74
767
119
2193
2543
5761
1043
1706
2477
1429
348
3496
3777
4144
989
117
4008
4322
4630
482
576
612
12851
4089
6804
