3320
3325
3330
3341
3346
3351
3353
3367
3371
3374
3917
3923
3931
3933
3937
3945
3949
3951
3955
3957
4628
4630
4635
4642
4655
4666
4668
4671
4682
4688
10703
10778
10988
10998
11064
11122
11131
11267
11275
11360
564
567
572
576
586
599
602
612
620
624
1227
1232
1235
1247
1252
1258
1261
1263
1268
1281
1818
1827
1835
1838
1840
1845
1857
1865
1870
1873
2381
2384
2386
2405
2411
2415
2421
2427
2439
2442
3
5
11
16
18
23
37
57
71
74
628
633
636
642
647
658
661
680
687
691
1284
1294
1298
1314
1317
1336
1338
1344
1348
1351
1878
1882
1893
1901
1915
1922
1926
1928
1937
1940
2448
2456
2458
2471
2477
2483
2492
2509
2512
2518
3377
3379
3383
3398
3403
3406
3408
3413
3417
3428
3966
3968
3989
4008
4017
4023
4025
4028
4035
4041
4691
4694
4696
4707
4711
4714
4726
4728
4735
4743
11380
11406
11517
11638
11687
11710
11714
11795
11867
11875
82
84
86
95
99
103
113
115
117
119
693
696
718
728
730
732
734
736
746
749
1360
1362
1365
1368
1377
1379
1386
1393
1395
1403
1942
1949
1953
1958
1968
1975
1983
1986
1990
1994
2523
2543
2568
2570
2580
2587
2591
2593
2598
2602
3434
3437
3452
3455
3460
3462
3467
3473
3479
3481
4047
4052
4064
4070
4072
4074
4085
4089
4096
4103
4748
4753
4757
4759
4761
4770
4775
4778
4785
4800
11907
11977
11979
12051
12145
12221
12359
12383
12397
12417
2886
2891
2898
2903
2905
2907
2912
2919
2925
2927
3491
3496
3503
3509
3514
3526
3541
3543
3555
3557
4120
4123
4127
4133
4144
4148
4150
4152
4154
4159
4810
4816
4822
4907
4975
4994
5108
5144
5201
5215
12730
12739
12755
12851
13262
13291
13448
13469
13658
13751
126
135
140
148
155
159
166
170
172
182
753
767
777
784
794
799
804
811
820
828
1407
1411
1420
1423
1426
1429
1434
1442
1444
1447
2003
2007
2012
2017
2020
2023
2026
2028
2033
2035
2605
2610
2617
2620
2629
2632
2640
2648
2651
2668
184
191
196
200
204
209
211
234
237
249
836
838
845
852
860
865
875
878
884
897
1455
1457
1465
1471
1484
1486
1494
1498
1504
1507
2046
2050
2052
2060
2062
2085
2090
2094
2098
2101
2674
2678
2680
2682
2687
2695
2697
2699
2718
2727
2934
2946
2955
2961
2963
2970
2983
2985
2987
2991
3560
3563
3579
3584
3587
3592
3599
3602
3609
3613
4170
4183
4195
4199
4202
4204
4214
4242
4245
4252
5254
5313
5319
5321
5326
5338
5365
5367
5398
5462
13956
3004
3010
3014
3022
3025
3032
3050
3057
3061
3068
3622
3631
3635
3641
3647
3653
3657
3664
3668
3672
4268
4271
4277
4285
4294
4297
4306
4319
4322
4324
5527
5580
5761
5775
5827
5859
6040
6186
6256
6318
258
260
271
277
279
283
286
291
298
314
899
923
934
936
943
945
951
958
966
972
1519
1526
1532
1541
1543
1547
1549
1562
1568
1570
2107
2115
2132
2134
2140
2143
2151
2162
2165
2169
2734
2744
2748
2750
2767
2772
2774
2780
2795
2804
320
323
327
337
340
342
346
348
355
357
974
979
985
989
995
998
1000
1007
1010
1013
1576
1586
1593
1600
1602
1604
1609
1612
1620
1625
2183
2188
2191
2193
2199
2202
2208
2210
2217
2219
2816
2833
2837
2840
2848
2855
2863
2866
3073
3078
3081
3086
3108
3111
3114
3118
3122
3138
3677
3680
3682
3688
3694
3696
3700
3709
3718
3720
4327
4334
4350
4354
4363
4397
4409
4412
4425
4430
6474
6545
6750
6804
6893
7011
7412
7423
7724
7797
3140
3145
3149
3154
3164
3171
3174
3180
3198
3200
3729
3736
3743
3752
3759
3764
3768
3772
3777
3784
4435
4438
4441
4445
4447
4454
4460
4468
4478
4486
8393
8433
8611
8678
8738
9174
9274
9419
9428
9451
363
366
368
379
382
384
393
395
401
404
1016
1028
1033
1036
1043
1053
1060
1063
1070
1074
1630
1634
1636
1649
1665
1667
1672
1677
1684
1687
2221
2233
2238
2241
2243
2253
2258
2261
2271
2275
412
415
417
427
443
446
467
477
480
482
1084
1087
1095
1097
1104
1106
1118
1123
1126
1132
1694
1698
1701
1704
1706
1712
1721
1726
1728
1735
2289
2296
2298
2301
2304
2306
2311
2315
2333
2337
3204
3206
3209
3219
3221
3242
3250
3252
3261
3266
3797
3801
3804
3819
3825
3827
3832
3839
3851
3859
4488
4490
4497
4499
4503
4505
4509
4523
4525
4530
9458
9642
9664
9718
9776
9834
9845
9946
10041
10077
3273
3275
3278
3280
3285
3287
3303
3309
3315
3317
3864
3866
3871
3876
3882
3888
3895
3901
3905
3909
4552
4558
4564
4586
4595
4599
4602
4618
4621
4625
10096
10199
10201
10274
10276
10288
10351
10476
10511
10564
488
498
514
516
525
527
532
541
553
555
1134
1139
1143
1155
1160
1167
1173
1176
1188
1191
1738
1747
1757
1770
1778
1787
1797
1802
1808
1813
2339
2341
2346
2350
2357
2359
2362
2367
2369
2376
