1104
1349
1418
1485
1956
2200
2249
2531
2718
2948
1758
2085
3131
3529
3814
3944
4117
4163
443
4484
3807
4698
4701
695
8
951
1004
11083
1431
1514
1664
1877
1906
1965
2056
2350
826
1322
1454
1733
2209
221
2210
2601
2979
320
3347
1007
1060
1294
1337
1639
1777
1792
1822
1995
2833
334
3786
3848
3875
4465
4569
4690
4719
4736
4776
1323
1502
1799
2274
2376
2480
2673
3197
3233
3355
3487
3563
3816
3877
4257
4627
967
351
3660
387
4215
4638
4765
823
961
1100
13404
1470
1728
2587
2799
3074
3494
3550
3922
1356
1785
1875
194
2278
2449
2768
2832
2956
3278
4290
3090
348
356
3582
3745
3777
3914
4370
459
4631
1190
1468
1790
263
2688
2770
3220
3370
3390
3453
4717
59
903
989
1006
13931
1462
1543
1648
1753
2442
248
3128
3161
4285
436
4735
5247
709
901
1059
1297
1667
1682
2484
2584
2636
2658
3152
3901
1424
1812
2009
2018
2157
218
2555
2597
27
2892
2716
2726
3236
3304
4559
77
89
904
10066
1177
122
1471
1564
1950
2176
2254
293
294
4203
4422
4655
4746
827
879
971
993
1122
1129
1248
1321
2007
2457
2645
2987
3009
3085
1504
1547
1603
1604
1742
2256
2346
2890
3417
3537
1050
114
1317
1582
1744
2897
2986
33
350
3564
1044
1217
141
1413
148
173
1891
2133
240
243
1710
1994
2025
2134
2151
2177
2400
2460
2488
2533
4293
4518
561
3184
3190
3258
3344
3500
3704
4322
4630
4678
482
3678
4002
4089
4122
4194
4344
58
816
821
929
3677
3825
3972
4047
4219
4383
4541
4725
5214
5313
2405
2425
2452
2577
2614
2985
3359
3612
3657
3799
1423
1600
1806
1894
2033
2197
2368
2567
2909
295
3119
3320
3525
3834
3856
3897
4241
4675
783
2923
2960
3005
3067
3129
3130
3303
3384
3461
3462
715
79
864
893
882
3012
3030
314
3275
3317
3383
3759
3831
4749
513
899
1153
129
1364
1366
1546
2114
2499
2515
2651
2969
1285
1474
1590
1848
1862
2487
2924
357
3700
3866
1691
2059
2398
3443
4411
4604
4761
522
572
820
2320
235
2786
2999
312
3242
4028
4043
4287
65
3854
3893
4084
4306
4439
4482
4597
721
735
764
3567
3614
4040
4050
4321
4592
4770
690
4152
4178
4423
4718
66
662
846
9276
469
5126
583
72
74
767
3979
3992
4180
898
1090
1512
1572
2069
2088
2162
2294
2904
3959
4032
4782
4818
544
577
581
740
747
154
2079
2762
3140
317
3490
3581
3711
3740
3781
3933
4059
42
4573
534
586
863
9250
991
4817
64
710
3255
327
3707
3837
4245
4526
4650
4661
4731
484
3002
3333
3339
3534
3790
3982
477
496
5117
61
1139
1419
1559
1946
2187
2637
2712
3436
3721
3722
1128
1414
1464
1698
2453
2695
3061
3159
3183
3865
3555
3961
3970
4554
4619
4797
2819
3334
3493
3545
3971
4253
4412
4462
4668
4778
5249
576
612
671
949
4077
4214
4487
4612
6698
81
832
896
1127
1179
1256
2074
2266
291
3557
3827
4337
536
1467
1495
1596
1638
1684
1718
2101
212
2172
2829
780
907
1031
1338
142
1837
1952
2220
2850
2894
3086
3143
4105
4572
463
4634
4708
4805
766
13588
1661
2047
2229
2490
255
3483
4123
4176
4210
752
1019
121
1270
1325
1386
1632
1751
2135
2461
2706
875
887
1073
1219
1634
1649
1719
2226
2301
2378
2527
2548
2980
3250
3365
3408
3641
3656
3891
4078
4315
4333
652
786
910
924
2588
2703
3118
3300
3702
3747
3911
4026
410
4317
3350
3618
3619
3724
3852
4138
4255
4399
4892
610
12344
1568
18
1978
2251
2258
2552
3125
3243
3523
3451
3539
3640
3913
4037
4261
4445
4461
4644
596
3369
3590
3610
4060
4836
621
716
1196
1271
1339
1577
1611
1750
1832
2062
2242
2459
136
1796
1847
1921
1927
290
2940
3039
3788
3871
1566
2213
2283
229
2290
246
2625
3599
3639
3850
4382
4556
4784
349
4041
4788
645
694
1312
1432
1683
1839
2066
2257
2315
2820
3361
3473
4342
4622
506
582
585
913
977
1033
1063
1120
1199
1393
1523
1815
193
2223
2619
3050
3142
3382
3701
380
3928
4023
4046
4381
4636
1460
2073
2119
2586
2675
2715
2872
3654
3872
4188
360
3736
3813
3900
416
437
751
3589
366
4092
4098
4156
430
540
622
682
778
2450
2837
2932
4016
4102
4637
515
643
6485
8726
1081
1221
1332
1411
1575
1602
1724
1907
2052
2858
1072
1587
1701
3124
342
3714
4303
4586
4705
4726
571
588
668
2962
3254
3556
3596
36
3675
397
4004
409
4174
3708
395
4332
4432
4503
4591
5223
909
1189
1352
1395
1503
2432
2462
2750
2950
2970
3055
14
182
2307
2372
2469
3043
3752
3886
5281
831
1517
1850
1885
2182
2227
2239
2539
3006
3216
3290
3416
368
3680
3845
4206
4501
4688
4695
4795
579
1091
1188
1223
1306
1493
1703
192
1945
2081
2525
1156
1222
145
1469
1757
1840
2096
2112
2276
2361
881
918
937
990
1195
1251
1329
2367
2717
2854
3093
3552
3920
4229
467
4821
5325
691
829
1241
1265
1280
1361
1746
1808
1870
2530
2696
2898
1008
1435
15
1686
1765
2199
232
234
2341
2605
4369
4403
4437
4564
727
987
1117
1407
1737
1821
1977
2211
2561
2816
2882
2975
5398
825
96
658
3930
3987
4552
4601
5215
6944
773
835
842
4137
4192
4212
4336
4416
4521
756
932
1113
1385
1434
1472
1759
1825
19
1967
1968
2072
1237
1570
1939
197
1989
2011
2107
2243
2493
2825
759
1173
1202
1597
1599
1612
178
2170
2386
2433
2681
1180
1450
1789
1869
2032
2053
2876
2879
3025
3225
2222
2439
2617
266
2945
3016
3127
3407
4473
497
2881
2959
3088
346
4129
4324
4340
4766
5347
757
3267
3311
3313
3440
3621
3732
3885
4033
4164
4302
4425
698
2878
3575
3592
3638
3753
3775
4
4578
4673
5393
1176
1233
1287
1458
1542
1614
1797
2602
2790
315
2883
2990
3571
392
4061
4281
4284
4426
4534
637
1178
1388
1699
2010
2159
2518
2769
2852
2907
3070
1619
2027
226
2382
2509
2780
2901
324
340
3696
1528
1903
1953
2034
2930
3249
3312
3652
4276
447
4408
442
462
4685
470
647
743
975
1124
1642
1655
2329
2842
287
3154
3559
3642
365
71
1260
1593
1909
267
2871
2877
3463
3772
3904
3909
804
359
3876
3905
4240
4295
4296
4431
4617
4809
481
601
614
659
2512
2767
2839
2997
328
4109
4225
4456
4555
4589
3903
4067
4093
4441
4525
4567
620
845
943
3954
4085
413
4704
4706
60
657
68
702
90
3769
3924
4101
4647
4745
4810
5334
819
822
927
2674
2692
2713
2824
283
2955
2992
3147
3520
3681
5397
615
660
4361
4777
605
627
683
86
916
3028
304
3101
3234
4042
4068
4304
4820
589
642
1011
1194
1787
1818
1826
1960
2147
2184
2563
313
769
859
4514
4519
4628
4724
4826
514
763
768
1284
1658
181
2387
2397
2928
3474
3484
3683
3804
1756
265
2760
2781
3205
331
3424
3679
3805
4282
3271
3302
3554
400
4532
5236
5472
62
734
775
1103
123
1784
1853
2067
2089
2241
2292
2598
2801
3470
3719
3765
4145
4420
4600
4798
311
3824
435
590
956
972
1362
1373
1498
1975
2732
301
3215
3403
3422
3685
2483
2505
2818
2827
2838
330
4141
4794
50
5046
5353
699
125
1372
1394
1669
2110
2275
2756
3015
3281
3368
4583
4665
51
7
3720
3833
4147
4264
4510
4593
524
670
789
895
1340
1549
195
223
2253
3821
466
47
4769
5152
1039
1266
1636
1645
2037
2046
2094
2755
3310
3849
4150
4243
4256
4371
4444
4560
4714
953
1592
1861
1981
2479
273
2856
2866
3068
3149
3196
523
1238
1275
1798
1845
2308
274
2929
3112
3139
3482
486
501
978
1170
135
1426
156
190
2143
2362
2370
2672
288
6967
725
755
857
998
6644
812
336
3486
3703
4326
444
4453
4485
4524
465
4658
1015
134
1484
1555
1754
1774
2327
2887
3029
3146
4632
4692
607
63
934
4793
498
762
883
3007
3513
3637
3908
396
4142
4504
900
1026
1083
1118
1151
13
1350
1819
2408
249
2785
1101
1164
1704
175
2207
2366
2424
2656
3376
3427
3750
4154
4561
4804
611
707
717
7100
2917
3200
3526
3836
3838
4127
870
2628
2729
282
2953
3089
3280
3661
3819
3953
448
3063
3577
3723
4681
894
1074
10960
1143
1475
1565
16
1613
1696
1711
1919
1387
1637
1641
1930
2377
2693
3031
3110
3328
3373
1052
1473
1630
1974
2099
2322
2448
3027
3221
3338
2355
2465
2661
2958
335
3459
354
3739
4063
4308
3032
3035
3485
3568
4003
4380
4479
6114
719
722
1057
1244
1578
1591
1886
2043
2175
2413
2574
2608
1096
1146
1595
1996
204
2050
2212
2919
3349
3472
2804
2885
3059
3188
3367
3381
3394
3574
3717
4011
3435
3697
3812
402
4149
4283
4516
4716
5201
922
1014
1088
1731
1748
2455
2556
2939
325
3964
3985
4320
5141
516
5284
960
10070
1242
1258
172
2313
2379
2569
3111
3844
4648
641
3297
3418
3515
3684
3916
3998
4012
4074
4082
4691
677
758
884
923
321
367
3942
4447
4790
487
5002
5462
1717
1928
1991
2003
2171
2312
2381
2420
2535
254
3798
4268
4409
4709
4744
504
569
693
814
4789
700
1109
1252
1347
2019
2758
2926
3098
3261
3507
379
1045
11947
1336
1482
1651
184
1984
203
22
2247
1213
1536
1941
1982
2013
2121
2389
2610
2774
2967
251
2862
2977
3315
3605
4198
4365
4540
4653
488
3823
4151
4167
4390
4508
4548
4806
527
656
1030
1071
1607
1898
2091
2638
2741
300
3372
3393
3444
4244
476
4767
4796
617
70
1232
1959
2002
2140
2250
2330
2365
2371
2734
2803
1040
1114
1137
1272
1448
1854
1908
2006
2971
3000
4502
578
994
748
885
2632
2908
2918
3065
3099
3192
3668
3843
3873
394
3815
3859
399
665
673
865
4558
4757
519
7043
4083
4354
4623
818
4662
4687
575
988
4812
510
784
871
2874
3396
3448
3966
3977
4052
4223
4442
765
828
1224
1310
1409
1803
1970
2271
2295
2456
2678
2886
1532
1844
1892
2040
2054
2076
2203
2296
2524
2677
3441
3650
3826
3858
4975
5149
853
1445
1897
1957
2161
3057
3167
3491
3895
3902
3993
1236
1290
1601
200
2012
2020
2115
2138
2363
2431
1112
1318
1856
2407
279
2863
3187
3489
3709
4157
966
995
1062
1283
1379
1562
1794
199
2570
2630
2946
3171
902
99
4204
4242
4258
4360
4388
4682
4723
3296
3389
3600
3811
3931
3946
401
4148
4547
4877
1016
1354
1520
1659
1829
2077
2300
2438
2444
2766
1182
1657
224
2357
2935
3092
3213
3549
4590
5028
3693
3919
4489
4563
493
639
7863
997
10303
1046
1108
1161
1257
1267
1384
1665
1827
1905
1053
1253
130
1689
1786
1899
2473
2694
3115
3518
3004
303
3109
3322
338
3410
3861
4100
44
779
1209
1617
1872
1963
2261
2998
3397
3398
3870
4401
1080
1363
1561
2240
2352
2589
2761
3232
3253
3751
4813
562
9
1353
1653
1752
1867
2071
2434
2526
2549
3064
32
3206
3331
358
3695
4034
4265
4515
538
803
8217
2104
2150
2615
2893
2941
3450
3664
37
3950
4334
2796
3024
3413
3499
3562
3754
4010
4027
4153
4155
3501
3620
4338
4463
4522
5108
5358
760
91
94
1055
1480
1631
1776
2045
2406
2707
2849
2983
3259
4262
4464
4594
574
613
718
1158
1207
1304
1377
1496
155
1791
1936
2016
2436
2951
388
3884
428
4546
4580
495
625
4189
422
433
543
685
979
3247
3402
3405
343
3682
423
4663
4833
628
636
4901
5
2798
2826
3674
3789
3955
4140
4557
4762
4928
619
684
2537
2690
2860
2974
3042
326
3377
3923
4036
4239
3868
3912
4364
535
1175
1243
1444
147
164
207
2179
2335
3170
381
1200
1308
185
2165
341
3415
3460
3718
4113
4694
4760
852
965
3851
3918
4090
4807
511
616
3356
3430
405
4134
4451
4588
509
624
781
4603
4755
546
563
4213
445
4486
4753
602
676
706
996
353
4387
5461
791
809
101
1041
11
1192
1259
1518
1539
1624
1958
2354
1097
12163
2252
2339
2562
2791
3316
3580
3733
4341
3935
4449
4974
559
782
2496
2504
2580
28
3095
3327
3506
3541
4104
4196
3080
3504
3565
3630
3936
4088
4221
4343
4429
4457
52
644
6886
742
973
1371
1416
1486
1783
188
1962
2375
2596
2604
2709
1191
1721
1770
2776
2805
3176
3524
3527
3622
3653
3558
3633
3738
4013
4125
4279
4297
43
4575
4721
1079
1254
1616
1749
1874
1901
2098
2426
2554
2571
2835
302
3274
3321
3595
4159
4201
4458
453
4576
3186
3566
375
3882
4035
4312
4696
5441
558
1172
1187
1351
1402
1408
1490
1585
1976
2041
2178
1210
1489
1557
1878
1924
2520
2810
2899
345
3945
1078
1107
1149
2044
2116
2467
2728
3022
3081
3465
1315
1348
1441
1443
1506
2233
2246
2344
2369
2497
1068
1140
144
1714
176
2084
2202
2679
2748
2910
4062
4248
4398
4507
4732
741
877
1126
150
1672
2082
2225
269
277
4209
4707
526
1225
1581
1640
1768
1881
217
2302
2912
3062
3598
10
1295
1440
2103
2270
2476
3023
3075
3091
3214
1481
1838
2142
2218
2255
2314
253
3077
3108
3428
1049
1525
2338
2585
3385
339
3588
4103
4234
4396
1255
1335
157
191
2189
2232
2486
2517
2558
260
1142
1548
1990
2146
2216
2429
262
3155
3166
3227
9433
3198
3974
4065
4316
4325
4649
532
3199
332
542
553
57
9616
2545
2812
2988
3145
3570
3863
3983
3996
4066
4205
1135
1508
1526
1915
2772
3078
3207
3583
434
4355
10145
1032
1056
1729
1931
2090
2111
3337
3662
3978
139
1510
1530
1911
1938
1988
2100
2113
2156
2188
808
843
856
1013
1070
1334
1455
1722
1888
2282
2752
2773
2814
107
1269
1375
2396
2795
2811
3003
3153
3248
372
100
1106
1697
2206
2337
2646
2705
2775
2902
3676
733
745
1092
1131
1261
1453
1769
1865
1964
227
2481
26
4395
5107
548
455
4579
4992
948
1439
1540
1541
1668
1820
1916
2516
2666
2667
3010
4713
4781
653
753
1344
1961
2160
2391
3082
3655
3847
4327
4394
4602
1201
1465
1693
189
2122
2600
270
271
3094
3497
1183
1410
1479
2680
2944
3017
3306
3319
3533
3673
1507
1622
170
1969
2771
2813
2836
3245
382
3857
151
1800
1849
1873
2173
2916
3045
3051
3479
355
2683
2714
3521
3578
3584
3742
672
854
938
986
4358
4372
874
878
4199
4266
570
4802
4925
4979
663
730
917
276
2840
2954
298
3054
3272
3314
3773
3797
4073
1488
1519
1954
2131
2319
2547
2676
3352
3572
3607
3860
3883
3958
3976
4549
4667
4699
785
824
8342
633
873
897
1022
1082
1307
1576
163
1782
1940
2174
2183
2336
2603
3340
3892
4280
4752
912
502
632
1017
1288
1835
208
2106
2611
3193
3699
4286
4472
230
256
2599
2747
3026
3202
329
3366
3579
3757
1038
128
1316
1685
23
2502
2782
280
3896
3921
4139
4275
4346
4368
4385
4571
4811
55
3791
3881
3894
3975
4161
4190
4450
4505
507
545
1027
1527
1571
1762
1951
1966
2468
2994
3056
3658
103
1231
1397
1802
1817
2152
2328
2435
2507
2629
2867
3185
3262
3273
3498
3538
373
688
914
3431
3743
3806
3818
4051
4822
531
754
830
963
1558
231
2356
3332
3840
3887
398
4108
4193
4353
623
794
952
3792
4715
500
5736
833
950
1042
105
1780
2021
237
2492
289
3132
3387
3439
3991
420
4499
3432
3481
3516
3779
4124
4801
4657
473
618
630
720
2963
3749
4853
3591
499
6391
1012
1298
1314
1365
1556
1569
2026
2447
2943
30
1303
1428
1457
1476
187
2000
2035
2303
2390
3106
4373
749
959
98
3947
4267
4414
4539
4608
4642
697
928
2626
2731
2779
2845
2947
3036
3117
3172
3748
4071
126
140
1433
1633
1676
17
1772
1834
1887
2325
1064
120
1580
1671
1860
2221
2340
2668
2875
2900
790
118
1734
2102
257
2745
3046
3049
4226
4436
4664
4173
4187
452
4635
4677
537
3951
41
439
4697
837
840
606
891
4331
4493
4689
93
95
3079
3240
369
38
3899
4427
4533
5200
941
4406
450
4610
471
834
92
3492
3632
3644
3694
3787
4211
4274
4743
550
646
1463
1690
1929
2064
2095
2264
2318
2458
2474
2508
1036
1299
1328
1392
2949
3458
3488
3514
371
4277
4730
483
635
851
862
886
940
1099
1483
1623
1735
1943
2058
2108
2180
2201
2423
4376
4476
4531
4595
626
686
73
87
890
974
4195
446
478
541
970
2385
250
2654
2889
3087
310
3148
3395
3727
3927
2903
2991
3084
3105
3191
3226
3509
3512
3663
3770
1598
1635
171
183
2263
2421
2642
3126
4748
6844
3771
4018
4323
4389
4466
554
565
726
892
4615
4741
5189
2616
2794
2802
3048
3329
3336
3536
4404
4490
4640
3348
3353
3503
3758
385
3926
4116
4126
4319
4550
1331
1625
1656
1883
1890
1922
2049
2051
2485
2500
729
738
936
3508
3925
3943
4348
3735
3965
4017
4185
4424
4454
4771
4772
555
739
393
4298
4488
4625
4733
566
593
654
687
860
1034
1132
1169
1274
1289
1313
1406
1534
1813
236
1521
1979
2030
2568
2733
2920
2978
3209
4136
431
1094
1166
1810
2065
2154
2192
2659
2727
3434
3528
3782
4079
4455
4543
4734
489
661
1002
1125
1154
1522
1781
196
2194
2655
2704
278
2443
29
2989
3399
3406
3802
4179
419
4402
4542
4235
4469
4791
4814
1054
1277
1367
1452
1563
1589
1605
1814
2309
2323
4305
4582
4587
4659
4693
556
597
712
85
933
1058
1193
1494
1833
2028
2097
2573
2691
284
3195
905
517
935
2566
2817
2859
2864
3246
347
3689
3917
4551
464
1066
1396
1831
2198
2348
2491
2735
2927
3667
3915
1018
1370
1864
1879
3165
3222
3643
3690
3755
4076
1186
1914
2132
259
3269
3835
3862
4574
48
2528
3289
3374
3502
4064
407
4294
4359
4528
4545
1048
143
1727
2238
2865
3201
322
3634
3841
4536
1095
1666
1726
1801
1843
2024
2061
2219
2230
2388
1403
2440
2652
2740
3116
3686
3934
3956
4087
4259
1075
1115
1720
1743
1949
1993
2208
252
3710
3839
3635
3776
3890
3957
4001
417
4292
4492
557
696
2905
2911
2937
2961
337
3371
3464
3594
3611
3796
3288
3346
3386
3466
3478
3597
4015
406
4269
432
3279
3548
3691
4418
4430
4511
4562
964
4160
4237
4330
4792
797
815
1809
1893
2751
2873
2965
3712
3980
4009
4021
4107
2441
2631
2981
3228
3351
3437
3774
3939
4186
4273
2906
3021
3208
3305
3433
3864
3997
4053
4309
4405
1644
1904
2075
228
2280
2324
2510
2684
2925
3020
6
1110
1147
1167
1378
1935
2217
2304
2787
2797
344
1165
1171
1771
2038
2297
2844
2976
3330
3469
3540
1422
1456
1688
2004
2237
238
2582
2682
2869
2982
1028
1138
1355
1449
1725
1828
1900
233
2416
2482
1116
115
1245
1326
1442
1567
2215
241
2513
2806
1155
1368
1466
2401
2418
2546
2724
2855
3041
3071
1
1024
1085
1150
149
1778
1937
2228
2331
2697
774
2868
2891
3345
3425
3785
3803
4440
485
713
776
4509
4747
552
1341
1586
1712
2029
2620
3133
3477
378
3937
4069
1043
1425
169
1880
205
2477
2644
2808
3241
3299
1111
138
1497
1620
1910
2139
3019
3107
323
3378
1429
1673
2031
2149
2155
2224
2349
2701
2702
308
1459
1535
1836
2164
2353
2669
3060
3162
3468
4278
4146
4158
4606
4756
5243
4446
4495
6546
4624
4670
492
736
3160
3182
3421
3560
4232
4313
4314
4498
4639
525
3535
3910
4075
4318
4347
4384
4666
5312
604
678
3713
3963
4535
4785
3069
319
3659
3746
456
4739
4763
491
292
297
3083
3141
3144
3476
3480
3734
3832
4070
3204
3628
3817
4400
4452
4483
728
82
1077
1674
1741
1997
2236
2326
247
2650
2884
3158
1291
1583
1973
2109
2511
2609
261
2653
2670
3531
1035
1037
1123
1163
1181
1268
1293
1702
1983
2384
1204
1212
1531
1760
2070
209
2186
2383
239
2984
3150
3231
3569
4049
4335
4523
4553
490
4907
494
152
1529
186
1934
2260
2417
2419
2565
2663
3011
2777
318
3219
3341
3467
391
4230
4585
4700
793
1067
1086
1119
1343
1420
1677
1709
1912
2214
225
1670
1687
1795
2001
2039
2130
2394
3547
3613
3631
1025
1417
1694
1807
2093
2343
2404
2551
3292
3457
1098
1121
1730
2128
2137
2427
264
2857
2880
3218
137
1618
2196
2730
3136
3203
3260
3298
3762
4233
4222
4329
4629
4800
4906
608
674
76
942
1001
119
1389
1629
1779
2193
2317
2618
3277
3412
724
788
836
1296
160
1747
1882
1932
2017
2749
3379
3447
3452
2380
258
3449
4054
4112
4310
5326
692
787
796
3283
3741
3960
408
4175
4397
440
4438
5275
7970
1087
1654
1738
1857
1942
201
2163
2613
3295
3409
4641
4720
4779
5217
102
11943
2060
2870
3047
3157
3287
3780
4121
4191
4643
474
1069
1105
1148
2579
2851
3008
3177
3994
4022
4202
10798
1084
11034
1206
1700
1713
1830
1842
1889
2395
4494
4683
4618
4654
4742
4750
4799
547
838
84
4679
564
567
648
777
1065
1220
1281
1376
1948
20
2345
2830
2995
4048
2559
2622
2815
2938
3100
3244
3286
3342
3423
3651
56
6619
1003
1229
1823
2015
2068
2298
2607
2662
2689
275
3888
39
3932
4220
4500
4671
4674
5402
746
855
83
844
4057
4072
