7234;304
1769;101
2470;282
1271;198
3680;115
1335;324
112;217
5530;126
199;372
1646;120
3360;215
6481;358
4185;226
380;197
1557;353
1322;69
3775;154
3226;345
6886;151
6731;382
2508;104
1719;119
3598;293
853;312
4085;330
1926;96
120;248
198;51
1747;161
4598;33
4421;30
889;309
2353;339
477;445
1192;263
76;181
6256;74
2054;207
3861;99
4036;174
3554;229
887;178
1566;265
2175;83
1102;330
1351;120
2617;82
798;276
3830;254
852;244
2;478
1442;127
2143;448
3371;45
3373;292
2290;377
1994;528
3465;371
601;206
1003;123
1640;346
4345;152
13998;253
3732;102
3670;269
3885;565
3586;298
2295;315
839;347
3284;167
2528;150
9458;171
4715;556
4408;60
633;162
13886;563
13291;114
6789;565
12092;191
2447;195
10654;103
2873;435
11686;200
4114;127
11947;483
1800;244
2674;251
3271;396
4490;63
2546;180
553;258
219;331
7765;244
2235;462
1610;152
9555;97
727;208
143;395
1979;228
11911;161
4512;91
1260;421
3489;164
2412;127
4684;280
4578;93
1857;148
528;30
1392;310
1481;226
258;90
2974;266
3176;150
2625;111
2203;132
5010;94
3644;433
4012;411
4451;349
8737;187
230;385
1847;75
4482;287
2115;316
3296;153
349;357
4761;176
12859;598
4056;533
3470;188
2020;88
1867;296
1449;520
2170;94
1066;444
3346;376
1704;318
2102;176
6196;196
1289;148
2969;71
4188;383
4290;276
4650;51
3658;310
4172;132
2153;103
3967;331
13968;378
4544;97
4502;86
11114;263
12561;234
661;353
4049;277
2930;411
857;205
4245;125
3327;268
4024;164
3676;398
8661;149
1939;118
2037;129
2859;99
3072;192
4047;107
4318;437
4274;102
979;312
3151;145
1417;68
3006;310
5389;113
1848;96
3099;445
1049;145
4018;77
2698;420
2906;140
627;225
3774;140
3869;171
4736;407
3613;525
1214;289
3192;129
3084;384
4555;400
3215;235
1504;249
344;91
6301;637
4679;566
11409;643
3469;173
2816;227
3121;113
2004;276
4979;430
3562;317
939;108
2632;54
2866;62
2690;55
91;104
7325;202
2492;67
4028;132
305;177
320;149
3506;104
122;208
4084;330
4321;190
2339;447
3045;522
5761;392
2972;67
4615;112
4503;86
2977;128
4705;259
1782;313
3552;80
790;150
2331;98
3736;185
13346;158
959;70
4803;318
2827;124
3704;331
1936;125
197;434
4802;314
13603;403
5308;151
1682;150
2152;377
7102;80
2313;208
1354;311
1161;142
4805;70
855;113
1186;163
2158;154
3;478
352;491
4706;271
12397;438
1452;348
3097;80
1893;272
3906;277
1943;317
12144;465
706;508
1455;257
3231;547
2851;165
644;414
4677;152
13231;245
2371;90
11497;526
2786;413
1219;88
4237;301
2670;224
7796;198
4731;383
1701;559
235;164
2081;186
4823;407
3819;114
2904;116
9845;406
423;419
11851;360
2702;160
9313;175
3100;351
902;122
3482;396
3973;139
5362;75
163;152
4131;223
3818;114
3156;233
2507;490
3531;216
10564;543
3050;480
9642;355
1193;329
4310;189
4511;353
6798;313
3672;223
2760;228
1658;125
3487;156
3907;264
1837;274
2899;266
4244;125
4713;120
1309;105
734;69
2804;77
11701;198
684;123
4157;189
3572;302
524;191
1955;160
8333;175
3584;309
4567;413
2343;95
2478;200
4069;218
4557;220
1426;268
3083;223
78;382
962;206
1157;369
373;345
840;357
3276;361
4453;416
4454;416
540;276
766;56
2995;102
1457;172
2603;333
3849;275
1166;200
3524;147
3697;84
2381;221
12730;191
4174;111
1075;416
3822;143
607;125
1468;174
3827;349
689;370
3055;119
1311;243
4743;153
7150;153
7753;431
2314;224
4769;354
2046;143
3171;291
12416;470
3847;124
1448;127
13820;170
3990;325
4266;301
2781;276
4412;179
2214;301
410;217
2422;243
412;188
2853;367
7010;229
1734;12
3587;298
3751;59
3944;563
6185;292
95;176
375;42
3057;133
3863;299
5774;84
13447;428
3007;218
4638;319
11064;477
1483;105
2404;358
6552;156
1267;101
3585;43
11266;174
379;141
713;159
2619;145
672;362
4423;307
1990;292
2379;169
4730;54
3965;69
714;248
4483;335
1263;296
4758;59
2078;317
3996;124
1588;102
2123;135
4833;157
3361;55
3064;294
2863;94
2538;172
4150;157
12324;326
3694;184
2756;314
6803;326
2949;73
4740;169
1295;374
243;289
1903;263
2033;220
180;244
4417;198
4635;328
879;171
1958;195
7366;103
4073;294
10070;135
1480;278
13123;468
2103;161
5107;267
2432;328
878;190
4928;105
4919;226
2479;108
4329;230
3017;254
1614;279
1194;215
5521;366
5249;133
3960;118
6391;130
2772;121
842;298
13172;249
3668;464
4542;109
2337;302
1908;349
386;111
2066;389
2601;309
2806;152
993;179
365;369
1014;331
3699;152
4620;665
4563;423
1433;404
2867;128
2236;321
3617;76
2773;134
148;334
3890;279
1999;188
697;62
1810;411
12485;157
11709;167
895;369
3730;200
495;115
3441;324
4083;130
2253;91
10351;423
2221;360
674;137
1840;127
3065;105
1759;160
2195;470
2857;235
2741;111
182;394
4287;301
4360;216
4101;227
513;313
691;341
9776;203
4747;163
7724;264
4574;119
3701;93
4052;139
1976;325
11491;183
4682;124
4117;56
943;141
2193;459
2948;170
4488;189
2705;167
3607;359
3634;146
476;445
2799;453
5473;69
1941;326
2108;206
3150;113
12468;148
13971;344
10997;200
453;163
1523;107
735;134
8359;376
4041;68
4444;70
3479;80
6978;434
1081;217
2469;158
3974;364
6191;496
2535;290
2183;266
1101;290
5618;188
1526;116
4594;91
3326;239
3831;364
53;69
3075;249
2356;270
3211;387
2399;63
1880;176
1016;205
2550;185
4509;154
293;178
4149;157
3174;132
4226;160
4737;159
1938;239
6452;298
2086;16
3945;563
316;21
12464;399
282;320
5322;397
510;119
2669;140
3636;109
6342;138
13694;152
3359;110
1605;189
3307;265
1321;156
652;481
2011;105
3424;173
6052;407
4202;227
3942;406
980;493
3155;124
7843;177
3270;167
1806;160
3711;412
2912;304
3015;354
999;318
1495;332
4143;81
3615;220
2230;89
340;145
5347;357
9450;161
1422;106
5224;407
4118;321
2000;71
2936;228
1114;372
759;194
12586;291
10818;359
2720;189
4602;560
1187;259
9880;225
4575;206
6485;348
1966;210
2194;228
4082;130
2907;140
11710;167
935;77
4023;88
573;19
741;160
3475;112
4691;387
13620;246
11804;457
746;191
3515;110
1037;397
3750;271
255;432
4689;194
5753;187
1074;148
4643;115
4233;370
5164;300
8726;423
5469;48
2751;291
626;334
2160;73
2376;146
4194;144
4633;116
10988;141
5318;387
637;86
378;141
242;243
3770;333
1721;308
454;371
1866;452
1266;403
3043;248
212;121
1182;299
4389;314
3218;402
1262;296
2768;175
2560;224
1472;164
2889;416
1216;412
10200;675
2809;460
2436;87
3588;228
695;161
7324;126
346;203
1237;221
2286;100
2685;36
1026;58
1163;354
4331;154
2910;192
1132;246
9370;224
8568;223
1983;109
3477;267
3020;115
2292;225
1899;110
3910;122
3447;213
2161;357
1313;139
2459;112
3745;562
1488;165
686;439
2975;447
4217;300
3138;24
3133;130
3251;473
1239;401
129;476
1950;61
924;558
897;403
9451;161
2743;125
7959;224
3298;387
1252;78
3988;213
1341;399
1974;177
3013;317
3951;327
1286;393
2440;361
2318;267
3860;189
8076;249
1190;159
10076;331
3305;408
1078;181
3492;202
2039;153
5617;325
5460;267
12802;208
2326;177
3571;241
2828;83
4716;94
1485;327
2833;165
4463;306
3187;398
3555;229
1624;105
7112;115
4349;143
4756;253
84;496
4283;125
1817;357
1889;161
2405;358
1907;74
2077;115
7195;628
3132;246
3252;473
402;158
1677;106
489;312
1590;335
41;344
1735;12
1463;169
4027;132
4390;226
4690;387
2693;97
311;80
3088;341
4371;188
4760;176
774;105
3798;271
3493;222
2569;476
3214;257
4335;351
13261;286
4087;310
1578;148
7980;281
68;385
1124;192
4282;294
7127;464
2917;110
1051;150
904;247
9946;416
916;180
3948;55
3681;225
807;18
1424;99
10798;420
3210;160
4523;146
2287;174
2135;478
1971;264
4125;130
1594;57
2149;313
20;365
158;198
4105;69
1528;173
1892;272
2945;142
4091;92
1869;155
971;185
5152;311
4639;167
2328;296
5326;463
3387;214
2225;390
10492;135
1380;341
3916;231
1886;109
71;339
1336;324
3633;388
1000;318
4187;288
651;367
3788;279
467;87
2485;209
66;255
3143;189
2380;221
2097;77
667;209
5002;119
324;169
1574;133
12378;263
3985;184
11147;144
2652;238
1896;203
3471;173
8777;87
12163;489
965;112
2301;159
1213;252
3060;162
3589;327
3669;243
3922;302
4476;247
803;144
548;387
1413;144
2107;95
1143;437
2903;99
13923;75
678;162
2062;106
2490;467
1241;110
4479;492
5241;354
863;213
3134;207
3609;168
1175;116
755;324
3902;337
2258;425
4599;33
3461;243
4729;277
8548;233
12908;177
2025;134
209;378
8074;188
4718;342
4780;25
2213;241
3616;212
2377;218
3606;234
4312;105
4686;55
1086;488
1246;420
3592;346
7291;441
875;127
1561;328
3334;121
6893;99
1;239
2782;363
12810;322
828;150
7727;287
917;390
3903;218
10040;392
3579;100
941;372
3507;479
2784;15
1362;328
1598;374
12303;248
1885;286
883;47
2599;225
2962;315
1032;283
1042;166
2166;403
2006;207
1615;327
4853;144
1165;115
5775;84
10276;535
8295;220
1427;299
9702;366
13246;104
2475;226
1547;56
2304;278
4915;321
4316;189
193;437
4726;66
2315;224
2869;164
4305;160
1824;288
2012;105
4956;94
4175;226
3170;291
202;177
806;55
1917;339
645;137
3573;324
2098;77
2390;441
4464;251
2893;318
9593;500
2022;129
1170;162
1167;200
1145;167
2735;265
4649;118
778;354
1963;119
11794;421
2608;353
2875;116
21;60
1382;93
1058;79
2897;139
1127;103
13845;484
3242;174
2429;450
3091;101
772;58
1082;306
2448;195
834;62
1471;121
4307;164
2413;255
2021;321
1304;183
3979;259
3113;249
2734;119
4550;172
216;59
140;178
612;78
4044;307
341;113
10778;203
2362;196
2402;167
1795;169
1071;49
1228;280
1645;182
11545;347
841;344
335;183
606;331
3686;305
3112;70
964;123
358;176
1378;428
4155;316
3324;213
2150;132
1620;592
6844;199
3491;162
699;106
80;196
2138;84
3353;67
4653;246
4452;82
2256;105
1535;260
4136;270
189;93
3039;134
5873;261
854;149
2435;130
3264;440
2389;172
347;174
2776;354
4195;144
4029;97
3748;351
108;79
2655;129
2894;188
3720;317
4440;373
2419;176
3646;139
401;79
4674;133
4831;33
2850;192
1656;125
9820;331
3511;246
3232;213
4252;429
1059;129
1096;104
3108;397
3835;300
236;114
1428;85
13687;416
13201;550
4137;177
2184;276
966;112
4493;239
1997;118
3405;411
2190;101
11886;481
3797;116
6804;326
4171;225
2215;313
571;78
3647;139
2186;386
3772;187
4717;40
2728;345
1843;208
4267;281
2008;144
3926;372
479;324
4753;121
10563;543
3049;480
4203;303
464;88
3719;317
4333;187
891;296
4414;152
4035;160
7772;145
3520;343
2347;173
303;186
3953;107
2146;347
1104;155
5374;113
1023;136
2454;16
3678;100
3987;229
4431;135
6946;243
3840;114
7814;381
3712;84
4473;262
5965;560
3502;134
1325;204
3578;100
4497;245
4060;187
4348;233
4692;300
3195;546
2414;280
1039;446
4681;124
3347;185
4319;437
1727;101
1913;208
3691;434
2384;56
4763;523
3957;425
4577;91
1291;335
731;253
9755;204
1558;317
3695;313
2141;483
2514;83
4595;91
4401;322
1968;200
459;248
3114;249
4581;143
1439;324
5013;368
3393;310
3438;167
2805;536
2312;193
3142;146
12568;163
11976;157
4709;122
5223;109
3842;51
5337;372
4275;323
2626;442
846;90
4198;278
3291;160
3383;432
2007;207
4801;304
7043;202
4648;303
2758;188
2971;297
4657;356
1511;240
956;182
4817;297
8738;187
4654;124
1346;184
7434;194
4071;441
1786;115
13404;364
3123;78
3734;391
4186;94
4098;247
1493;185
1522;262
3685;38
1090;150
3591;346
3557;144
1482;59
3245;151
1223;557
4112;70
2714;541
8356;108
3789;441
10702;250
1067;385
2482;132
843;55
3534;620
13931;368
2471;282
4795;183
1679;43
1901;308
2724;350
768;305
4974;436
534;455
2424;73
2996;39
4707;271
4969;78
239;374
2581;204
7411;115
3893;174
4976;29
1854;193
5126;205
4927;28
206;144
5699;111
1519;153
2322;325
3478;80
1874;429
638;127
2605;50
2151;132
1554;91
4281;298
5273;142
1138;410
1393;310
3370;45
1632;105
899;165
3300;165
22;54
4593;226
681;154
3955;383
4014;270
2830;343
4148;146
2437;102
7339;128
3549;76
4178;316
1406;415
865;309
988;125
4201;227
1209;420
6691;343
285;26
3845;189
7435;111
3709;137
4093;58
478;596
12344;310
1103;155
2373;302
8130;288
3718;82
3759;391
622;293
552;258
1029;511
1199;219
101;108
2076;257
712;233
1998;97
3811;221
4300;144
339;145
2369;255
5385;282
4059;207
3126;158
4293;569
2159;343
39;383
779;322
4536;391
3880;95
455;147
3993;170
13588;131
3777;107
639;185
1607;168
2791;229
4796;286
11609;83
2666;247
2142;448
333;65
1811;63
3597;51
579;189
7632;264
7311;391
2391;423
11008;440
343;148
4929;145
1379;428
3002;311
927;320
1673;324
2137;219
748;404
7863;276
718;148
3596;260
1300;192
972;185
3485;82
13469;166
4809;191
2959;104
2556;167
2026;134
3412;331
390;141
5215;250
2051;319
1775;169
277;251
3723;175
5468;119
10511;527
737;124
4295;196
5138;295
2842;81
249;256
3339;110
13751;339
2747;357
2960;68
12726;112
1054;205
404;130
159;198
2319;486
3677;398
1011;254
328;142
2457;610
2629;65
2500;414
4772;162
2187;349
5574;167
560;34
331;372
3431;378
2847;101
10476;451
294;363
2688;488
4445;70
2188;349
2636;348
1004;86
2091;99
2083;83
4184;19
9274;415
3001;534
7422;416
687;439
2453;304
3961;217
2463;217
4521;380
4030;57
1402;102
2372;116
3620;83
4393;47
3873;195
3331;397
9419;433
604;68
3086;472
2165;389
4477;402
1233;78
13912;155
3248;170
3687;609
314;215
8089;222
813;62
3368;447
2885;222
3872;105
9915;403
2831;303
831;311
4460;64
1445;380
4347;305
482;58
7412;115
2310;292
13098;149
3576;422
4811;122
3785;338
1312;169
9616;437
4632;82
2268;237
9276;230
1830;176
2088;192
4661;90
4209;223
1328;354
2386;204
3526;70
1244;171
2559;108
1365;210
160;113
4807;77
1836;540
3122;113
2678;160
1257;344
139;178
3078;335
3254;97
4284;204
4400;455
83;496
8342;234
269;122
3181;183
3244;204
8670;370
3935;321
3757;309
2397;369
551;49
4263;200
3044;191
730;361
2125;38
10813;192
4121;148
958;39
12382;144
1467;99
430;273
6034;308
4925;251
4680;438
2647;222
2164;389
906;64
2269;286
2622;129
13276;83
3379;77
1977;111
3920;327
4205;298
1820;131
3269;157
2087;69
1015;205
2052;319
3853;52
10555;337
629;320
4819;274
925;456
1638;138
1687;123
3275;281
4003;212
2968;332
4472;280
3610;283
520;315
3724;178
3862;459
1506;221
2228;394
3532;243
6967;134
2938;158
32;351
6619;371
3650;107
4695;145
1272;238
4177;190
3216;404
383;223
3577;126
859;391
1458;394
1809;113
3308;315
696;161
1772;202
3129;174
1240;26
820;156
1928;375
2672;77
381;142
4447;335
1338;337
1142;437
1113;202
12850;205
4837;277
4075;309
2653;160
9226;539
384;223
3179;58
99;431
1183;599
4249;193
2458;610
3640;265
3451;120
194;304
473;192
3982;115
1281;187
4622;445
2294;532
3643;194
2821;276
2181;633
2755;129
3459;222
3946;445
2029;416
2648;222
5201;415
146;110
815;120
3805;333
4562;226
4630;297
5928;464
3769;167
5217;61
3622;137
1808;102
1232;86
2642;88
11267;174
1432;151
3898;329
261;343
537;394
954;57
2537;128
3350;59
3866;263
1758;441
1891;141
1613;407
913;260
2211;117
829;154
630;308
2871;129
8598;470
788;441
1293;148
3294;107
3453;265
2074;180
3513;319
13956;304
1510;206
11795;421
9196;377
2378;102
4320;119
1630;420
3262;49
4725;66
3042;194
1972;284
905;83
930;27
4104;159
2646;340
2597;131
4583;181
2991;268
599;309
12051;376
7864;184
605;159
574;543
5149;140
110;143
1749;270
413;176
2635;471
116;274
4146;129
9717;260
4430;435
4552;359
6;186
2177;331
2034;347
2929;288
1995;142
11314;605
603;233
2417;238
5016;218
2801;287
13405;177
4236;127
2553;88
291;104
858;250
1868;142
1391;326
2013;203
670;167
2778;176
4370;284
487;314
1408;424
4204;303
10389;392
2943;206
1752;171
240;329
1179;321
2456;334
3225;432
169;241
4535;298
3632;600
4771;435
961;240
3826;349
9914;108
4551;359
3076;165
3030;490
1697;589
309;206
4352;352
1283;306
1085;271
2270;85
3230;145
4668;158
6567;530
3673;406
5977;237
8393;161
8392;161
5395;283
1777;40
5134;365
2465;275
3021;370
9929;168
705;28
8013;430
2539;274
1158;62
2321;259
2810;256
688;89
2042;181
1813;407
932;178
10703;250
3804;313
4232;127
1912;310
4338;317
3767;206
3207;119
3365;61
1825;56
3278;77
3012;22
1711;511
822;219
5402;326
10287;525
2721;300
12599;133
11359;264
1634;80
3962;260
12;361
405;201
1962;133
403;130
1743;274
4285;204
5;117
4797;345
4286;445
2473;438
2554;320
1227;287
1509;221
1540;551
3690;39
2812;153
2307;115
1714;346
1159;140
1730;165
73;129
3024;170
10077;331
782;400
1542;345
1894;178
485;441
558;83
426;107
4212;186
4072;441
1421;330
4160;181
1927;375
837;142
3330;140
2882;130
2027;188
59;377
470;408
1693;249
2525;435
1469;358
211;572
3449;172
3908;212
4291;113
3266;31
5333;335
1001;115
10777;203
1017;137
3351;59
2309;206
4353;442
1529;231
4332;161
2970;71
2176;254
508;245
6473;192
1705;182
4499;201
2588;368
4372;314
1368;166
8064;274
13417;175
2169;74
1245;247
2421;70
10023;263
3631;240
654;412
4505;181
11979;346
3766;160
3152;97
3821;322
11873;230
1684;131
2692;164
3144;298
2189;64
4115;58
4784;176
94;176
2476;153
3539;202
1655;224
3710;324
13690;325
2825;106
3829;427
3193;427
3857;169
5067;57
767;56
4182;114
1008;366
2716;231
2067;264
334;299
3564;157
4882;137
3868;195
2130;199
682;214
3966;69
3450;248
1013;186
1934;70
1664;167
2385;204
1778;40
3779;321
270;439
13576;321
3288;71
2761;233
3402;126
2673;251
5323;368
3839;41
2593;228
12695;441
1196;299
2265;178
3494;113
1027;215
2208;238
1254;170
5320;478
3389;144
157;212
1265;366
11866;530
1284;306
4815;157
1434;404
844;479
4693;146
4560;149
1846;79
1394;336
3435;397
2396;241
2260;143
12102;547
1816;132
3538;180
709;59
2942;331
4582;148
151;335
3683;95
5200;415
5254;208
102;410
4675;364
1095;64
3921;137
1978;221
1387;381
3197;416
1580;346
3209;64
1694;249
692;358
4724;320
3206;115
11713;196
585;182
1206;166
1212;131
2951;81
3375;132
2019;88
3228;402
4061;159
2515;208
4230;181
6545;480
105;140
4095;130
4741;153
6359;273
3590;175
4068;67
940;270
2291;249
4719;141
1762;434
145;92
938;476
4153;165
1083;296
2498;238
4901;372
4248;164
2808;424
1505;429
188;49
350;253
3463;374
2701;128
11406;238
4556;312
3943;378
4264;279
4341;65
5358;151
406;199
13285;190
1210;613
4268;281
3456;98
4665;422
1582;111
223;380
11250;214
1949;169
6275;130
48;366
3614;91
1033;283
710;132
5245;143
3717;82
8217;333
1069;128
3756;78
362;52
2542;393
13915;364
8200;256
7683;354
10199;425
486;89
6895;355
168;66
11360;264
2132;207
4411;179
2832;165
2952;189
559;370
10046;432
3467;251
1171;133
2607;267
4367;110
2785;214
6468;231
1337;337
6729;94
576;282
4596;23
2817;139
444;466
248;256
3886;402
13151;183
4156;180
2987;182
3527;238
4788;352
4144;81
2128;210
1068;304
3069;489
1856;148
4564;423
1243;199
12754;487
3529;147
319;149
1290;255
6366;213
3430;567
1332;182
2586;335
1386;330
2335;130
2420;70
4406;251
3032;358
12145;465
12943;202
1318;339
13590;232
1654;534
4587;220
611;78
3832;364
3875;164
1639;432
881;156
5204;448
3824;121
3406;411
3931;255
4004;200
2415;280
4324;226
2001;90
3568;111
1299;133
1410;54
5159;236
2750;88
3888;82
8692;271
593;471
3514;319
2908;159
4094;262
1077;191
2872;282
3249;60
2201;298
4297;106
142;73
1122;137
2049;355
3565;487
3496;13
1440;332
5203;196
3899;145
3570;93
554;394
3051;324
2909;145
4467;82
4524;266
6698;369
3095;95
1577;70
1367;166
647;108
2136;490
2182;266
995;151
1833;553
3735;185
9775;203
1514;104
2100;342
3651;62
799;276
443;93
461;330
10714;162
3340;228
1121;499
2523;128
1587;254
1195;390
4007;180
61;144
3765;519
1524;193
2427;165
877;190
4425;61
4132;186
3884;81
3335;634
3101;168
1385;330
465;472
4129;60
4755;154
2092;237
2073;299
2040;350
907;408
3737;200
439;468
4822;493
1531;381
398;85
1631;105
2589;107
4941;46
4000;147
11662;454
4304;325
13803;173
7678;282
13490;474
3219;402
126;385
353;169
11252;135
2783;107
183;196
1303;80
2985;344
10355;267
543;102
4565;424
1052;205
3410;181
3841;96
2305;304
3082;390
4196;216
8433;283
4959;317
1384;250
1065;299
1729;395
24;328
4254;33
2249;126
3313;104
4405;391
3817;410
3235;249
3900;366
2363;411
4334;187
1395;336
3282;224
425;177
6122;299
12991;222
12396;438
2293;89
1279;165
2748;357
1530;386
3302;340
2844;247
1106;207
1556;468
2401;128
1326;308
4631;256
1140;92
3983;277
238;504
3203;208
2583;60
3285;167
4176;124
851;244
4821;493
12643;145
2274;346
1019;56
11286;190
1570;444
797;234
192;112
4220;258
4328;335
564;85
2656;117
5399;406
2072;105
2411;303
5338;372
3799;309
4140;296
4179;231
3061;162
3118;115
3574;272
1476;190
1667;122
2937;348
2325;112
4836;360
4437;125
3094;272
2689;361
3497;188
4471;154
1980;275
628;225
12383;144
336;391
9675;339
2358;248
4054;379
4533;109
1967;200
3698;239
3413;331
2818;399
2003;333
3533;385
648;250
1306;301
2802;112
3025;170
2983;469
3131;67
5801;175
4814;195
861;281
2320;173
11380;202
4025;164
3865;263
3162;183
6175;305
2438;465
6906;70
367;174
6001;210
3137;24
4181;146
1198;237
2499;130
1160;140
4363;13
3501;109
1425;268
589;199
1986;110
4190;261
4386;280
4644;69
2226;306
251;274
5472;157
1751;73
3227;101
4455;175
1555;393
1781;172
3397;493
3158;338
3163;179
5397;88
2657;245
1660;389
1589;324
2787;134
5325;463
3432;304
872;11
2769;199
4385;428
2901;191
3010;382
9505;258
3816;59
3120;338
1924;317
786;606
2045;143
10350;423
2691;343
3909;212
1383;62
764;142
2483;132
247;71
3332;144
13468;166
46;130
724;112
1593;298
747;131
6183;212
2406;185
9250;94
2965;104
4804;102
4937;255
1771;106
4663;388
2491;67
666;270
1520;157
3755;44
2172;309
758;185
11371;286
1012;186
1339;358
708;146
12844;457
1454;257
4611;236
3068;378
2650;491
2558;176
3047;271
3488;328
60;192
9664;415
5012;74
804;144
395;104
729;361
3422;93
3545;203
6318;454
5072;99
2715;426
3106;114
3504;112
4759;59
1592;298
1218;160
3087;54
3682;225
3314;144
572;78
1191;159
4222;126
300;208
1397;322
4057;293
1954;216
4723;268
3753;29
3959;214
2416;127
2609;146
4708;121
3041;374
616;138
1722;217
1768;353
2524;95
4134;375
1887;123
81;245
1110;159
3127;163
2147;411
4532;304
3414;413
4377;530
2576;121
3080;239
2015;89
3936;222
1496;71
1345;158
1657;215
2038;479
4001;459
3322;289
4152;77
10510;527
2133;206
4302;156
2232;100
3309;315
545;110
1221;351
4042;99
4271;320
2855;102
1188;259
3654;52
4786;189
4;117
575;282
420;316
2623;412
1532;381
871;307
2848;101
3201;148
1419;332
533;80
468;56
773;64
2121;233
4428;570
5563;124
5859;232
3180;58
3385;118
3059;417
3708;137
10639;184
1050;123
888;104
1133;297
4021;438
9366;295
1541;551
12417;470
4572;324
1799;441
565;438
2198;61
43;379
3813;266
4173;161
2179;128
1443;194
1305;143
275;89
1173;239
4624;330
9202;274
418;106
3154;357
4642;443
1035;117
4530;312
3630;240
5365;187
4124;126
2988;198
2990;268
2935;476
3315;144
2518;153
4199;278
1062;386
2684;454
3825;121
3474;92
1297;103
13924;146
1812;407
1662;166
5281;184
5275;360
538;144
224;163
4234;117
2870;358
1497;202
2047;407
2018;344
13921;149
1435;144
3895;324
2113;218
3660;310
12662;228
3392;140
3208;64
4032;143
1369;29
2719;408
1876;299
2731;339
1791;145
1430;70
388;290
1696;353
1819;148
280;61
3257;180
3323;175
2486;134
8502;142
1672;287
153;399
6015;227
3279;225
4861;167
27;62
1878;206
525;191
765;293
2563;213
3877;189
4810;191
5788;197
3004;302
3408;372
4010;184
2682;168
318;189
2352;193
5145;206
5141;119
2925;279
673;231
620;173
11275;288
845;479
3815;158
7614;68
1686;123
200;372
912;183
9346;431
72;356
86;242
977;156
635;99
4078;301
4026;248
4327;150
5420;122
2527;147
1034;162
13412;460
527;424
2881;148
515;353
3194;212
936;77
2565;309
119;106
5353;137
2392;302
1851;389
3635;146
3403;126
4746;324
1118;404
11123;189
2516;234
3854;113
2144;295
2126;147
2814;330
1126;45
4407;299
2346;450
2283;404
1629;420
2061;106
6114;373
2732;288
3136;263
1595;90
271;439
3388;160
3721;105
221;169
3994;545
10517;185
2662;74
2055;196
42;409
4439;369
3508;301
2754;183
5531;210
5247;270
2566;470
3874;139
4600;264
1242;125
4918;215
632;162
2921;175
2349;441
4127;529
1680;243
11516;230
2992;109
11637;214
991;180
3661;96
1757;62
3283;178
3253;366
3601;303
892;364
4438;125
98;431
1661;361
1852;193
2676;65
4832;291
1720;308
3521;173
850;281
1222;417
6186;292
2082;52
4687;93
1546;56
1608;175
1635;196
990;72
1731;210
4240;40
4008;180
2332;167
874;127
361;166
174;122
4531;230
9231;333
901;334
2488;536
451;131
512;444
2913;331
1256;288
4688;93
2341;194
621;357
1643;107
1628;219
4063;369
1642;85
3728;93
1352;396
170;241
1703;318
4972;74
3761;114
3623;317
3239;79
13090;163
4166;265
4683;90
11274;288
2031;292
3260;210
2053;198
9641;355
3674;122
1498;202
10;254
1895;12
442;93
3911;284
873;223
4637;79
10963;471
3560;145
2822;214
6112;172
3648;180
4601;560
4108;92
12358;230
11381;218
5334;154
2645;236
2643;80
5030;196
1668;600
3794;145
2709;255
2271;85
2729;244
1507;221
6422;152
950;497
5171;208
3293;184
18;75
3981;123
4388;102
642;256
4336;471
480;324
1623;172
4694;146
2596;428
2348;97
2477;153
2119;71
1931;120
2797;70
500;193
1079;225
2744;125
13260;373
4449;195
5263;228
3035;357
6892;99
474;295
3713;156
10662;125
4277;128
431;219
2585;89
835;399
3923;302
3649;177
3702;167
2989;199
3166;199
2300;159
1619;592
10075;220
4585;314
3081;239
2231;102
561;415
2615;341
777;105
1349;261
7390;408
3999;362
541;276
2106;95
2370;480
12577;387
2612;102
4518;476
9217;130
2278;388
3395;230
5117;295
3976;146
2552;162
1828;157
4361;137
1248;171
2070;320
4070;218
2788;130
421;399
11131;206
3005;349
6764;181
1746;161
3038;212
2978;397
3115;415
2308;163
542;140
4080;369
2602;309
1533;186
4993;185
2407;346
7797;198
2823;329
1780;356
2920;376
9456;205
3786;162
3989;213
414;216
3930;255
4768;127
1097;104
550;239
322;211
1960;112
10159;196
880;274
2501;269
338;481
3984;155
1151;160
1109;140
283;320
1733;316
2489;224
49;71
3894;324
3241;174
1253;242
590;178
233;123
4711;94
5701;353
4621;665
8463;356
4586;314
2431;339
8096;180
1441;127
2452;104
4103;113
4326;150
113;217
52;316
12890;193
428;120
12050;376
1527;159
12729;191
1865;199
3255;503
4609;149
17;75
3452;120
4399;235
1046;99
3970;271
1091;43
2110;156
1798;146
2982;469
3949;55
2686;306
563;85
4480;13
11093;433
832;134
862;357
4629;297
4043;139
3177;564
1353;412
4528;246
385;11
2506;294
2834;400
3528;61
690;341
3975;366
10282;339
2613;233
1152;321
3624;433
393;399
3659;113
4627;234
3918;158
1832;337
945;294
3992;87
1377;381
3433;370
4492;53
978;312
4739;240
1344;360
356;139
3954;383
4243;351
1648;125
6257;154
3971;190
4340;209
3306;352
1057;174
4494;198
4774;47
3963;75
3852;254
4317;305
4508;154
4213;180
669;85
3764;439
4355;67
584;185
4225;407
1389;131
93;104
2299;134
1845;149
1018;375
279;227
4011;181
2526;136
3964;347
1665;167
3548;569
3938;94
11874;143
3795;56
3619;83
12328;133
866;98
4064;369
608;249
3782;395
4040;68
1010;68
2922;420
1603;150
4309;402
4580;158
3240;108
4416;294
11754;182
3934;279
2487;65
29;370
317;161
4696;145
2043;182
6827;101
521;209
8287;75
2631;54
1356;90
4081;103
3311;128
3519;369
937;53
1030;332
3054;216
975;157
3287;88
4238;400
733;69
2966;265
3855;196
2101;342
5127;310
407;142
4251;429
1172;239
1220;428
6317;454
660;353
2355;228
4501;139
2267;169
2530;380
3792;430
2342;119
2139;139
4224;89
1366;438
3434;370
79;424
2540;80
4816;157
2941;371
4667;158
2510;410
2742;245
4699;108
7594;280
838;142
3321;295
5352;370
2174;120
2519;235
3063;158
4641;443
3342;326
10475;451
5413;156
546;254
1447;100
3582;168
967;251
1156;180
4673;295
2246;399
1765;222
3048;148
171;349
4462;104
152;274
3079;310
636;99
11596;269
1784;251
2604;50
1633;80
2079;245
4886;349
3303;340
4065;276
2202;298
3222;100
289;569
12755;487
4435;299
411;188
4344;216
2616;82
582;392
2237;88
2955;93
2727;140
3823;167
1370;266
11461;649
4516;230
7586;363
3901;366
287;314
1466;115
10273;163
3429;153
5526;194
1207;162
4298;54
1416;111
4942;271
1404;447
2504;149
1637;146
4359;422
4474;101
13051;77
3969;158
1585;194
896;403
4617;218
4789;231
130;241
3843;169
1201;148
2240;163
3409;54
2030;186
679;88
4442;299
908;12
3603;138
948;162
90;163
592;284
9611;435
4735;254
4612;60
3667;464
1235;30
566;360
922;225
9316;386
1981;348
1953;408
2063;213
2864;72
4507;318
4660;61
1572;386
4013;175
3583;309
4163;162
440;530
3518;334
1307;249
3175;181
529;154
1177;194
5727;153
2620;145
1842;245
760;176
2733;119
591;306
12133;251
3602;303
2200;464
5253;208
2953;269
4133;186
4330;138
1616;239
3968;331
4311;65
3760;236
3026;179
4383;101
1168;347
417;393
4727;293
523;339
4826;123
1197;105
6571;193
3913;261
2574;294
2085;281
1906;48
4553;163
2532;115
1020;229
997;106
1969;191
2840;122
6644;189
1826;379
1111;334
1473;195
11732;182
4154;165
847;135
9569;194
2481;266
3914;109
3205;115
1745;78
3446;25
155;67
360;165
2303;278
3295;271
4396;327
615;123
5409;387
3386;365
422;361
2426;165
2336;302
5050;316
2934;315
4685;174
1420;332
4500;251
1036;117
4142;146
376;108
3956;425
4808;121
1056;192
1710;393
1860;450
494;164
4765;82
9995;269
2639;41
2359;248
789;167
3997;223
2954;93
1316;247
2233;100
4778;336
2543;393
3790;323
9427;283
11867;530
1724;363
5240;129
6144;337
2703;74
3348;241
7787;226
471;273
121;405
3834;198
1970;385
4698;260
3915;377
1176;116
4218;36
2845;105
4034;160
4278;95
2264;73
2263;313
4571;251
1073;148
2023;129
4394;323
1794;348
12003;416
4138;68
11687;200
2584;332
809;199
3499;406
3522;384
1653;185
2207;238
1900;308
4046;107
4750;384
276;251
6040;253
3917;231
1460;59
11907;116
1261;421
446;210
397;126
4141;193
4368;258
4395;196
13;156
4210;300
4077;352
2838;204
4721;408
4732;150
62;197
3859;192
7862;164
1423;106
4409;60
8432;283
2704;180
2277;92
581;68
2344;358
10998;200
3243;336
1884;111
3754;107
4916;584
5478;280
4728;293
2888;38
3567;181
4589;451
2555;298
176;305
833;174
3595;183
6042;254
4183;114
2680;384
5580;133
1269;79
944;294
587;31
3436;105
2549;168
3802;158
1818;357
141;330
13290;114
3505;26
4863;365
162;326
3776;107
518;75
4381;107
6610;283
2536;77
2658;77
4337;298
787;152
1909;149
3656;148
2759;147
9236;449
2503;128
2916;257
2582;102
769;97
227;322
4062;64
4549;91
11319;277
3512;191
3380;100
3468;131
6924;168
3090;235
3022;370
2323;161
4754;199
10543;339
3747;143
4539;266
12359;230
677;61
1625;105
75;44
4546;220
743;260
960;95
1444;194
609;139
4792;190
11034;391
3421;274
685;126
3320;364
3927;203
7065;173
4704;75
3390;92
4279;379
1923;105
9273;415
259;46
2069;198
2140;139
3796;116
4019;66
10912;393
2610;146
2994;439
893;64
3246;103
957;39
1776;278
2382;368
2746;286
2298;185
4781;88
124;185
2862;94
2592;228
3234;73
2677;160
3998;403
4413;346
1225;103
9457;171
2218;370
2771;121
1270;300
3605;354
2545;201
11372;561
1314;139
1060;129
4306;160
8366;357
2898;139
11331;540
2579;63
6750;299
4067;366
226;413
1251;78
3480;67
3028;334
3544;152
466;87
2433;206
4257;223
2587;335
511;528
1956;175
115;661
3464;222
2957;27
456;265
4261;182
2075;89
827;150
2494;99
149;70
2071;275
36;367
3655;383
3391;109
2697;222
3929;162
3991;80
4540;214
1717;344
1989;292
4777;336
4296;106
1123;137
1331;91
3023;340
4365;414
2403;564
6178;453
3580;175
3851;105
3367;269
3833;65
1453;410
3773;117
2967;318
3705;512
506;224
11405;238
1563;403
2911;304
1525;116
3703;57
2749;88
3887;82
4139;562
2902;99
2041;123
3547;91
2443;446
1864;199
2843;400
3372;157
9718;260
11683;235
2958;215
5527;194
359;64
2502;326
11122;384
4569;154
2145;209
3220;291
570;238
2835;193
3031;358
3109;197
26;116
1287;58
4787;171
10269;422
6417;601
2826;80
2162;357
408;458
1105;207
11362;100
4255;79
2568;295
4776;109
463;75
2338;447
12851;205
4354;442
1128;184
4670;247
2480;201
6749;299
1559;168
82;245
1403;102
1343;360
3160;154
4456;115
4812;120
3741;129
4119;301
3558;144
11755;177
452;254
3763;439
4033;237
5376;192
3550;365
4017;377
3058;207
5364;187
4436;189
4636;245
2464;36
3256;37
13071;304
4009;389
257;90
2224;52
5379;86
2839;122
13608;256
3202;272
4495;241
4086;101
4588;226
6478;350
5606;269
3016;185
5180;83
2111;87
498;215
4712;173
2892;168
1148;64
185;336
6067;185
3067;378
364;368
4744;45
1041;86
1092;353
1094;64
1508;339
3490;162
4799;470
144;245
351;381
2259;275
9930;289
4559;375
11050;247
4231;261
427;107
4031;49
3958;215
9844;406
597;396
1231;86
2099;372
4350;143
1130;63
830;160
2841;199
1618;376
3454;366
3729;93
1502;60
2409;49
9715;579
3281;134
4561;196
1064;436
3204;208
5144;141
3739;416
2980;154
175;204
3140;195
4714;120
1268;101
3837;363
3198;416
4525;266
7672;462
4651;196
2497;216
2387;258
728;208
1650;83
4798;183
4672;73
823;506
1072;380
1770;101
3600;124
4053;169
4159;109
1911;231
2695;163
11598;128
4820;206
11860;414
2374;109
3093;188
4235;221
11685;302
9173;478
2717;223
1407;415
3008;87
172;349
1373;211
1844;149
2774;134
613;456
569;205
2250;114
3443;336
5911;410
2449;159
1025;358
1491;328
501;391
1070;128
118;106
2611;200
2388;204
6501;353
4089;90
12325;250
3758;391
484;359
785;241
7286;353
321;325
2468;186
58;93
4634;328
2651;491
77;316
716;117
1107;128
2706;140
1793;162
5461;85
348;174
3812;330
4506;340
3159;351
387;361
2257;425
330;488
3157;376
2276;298
4016;377
2220;360
3746;86
1944;499
740;334
469;263
1333;227
2196;140
3768;206
310;167
1282;158
780;259
1258;344
127;59
4106;53
13190;333
3780;114
2865;62
1512;123
2104;116
13658;492
1355;310
308;154
2891;101
2180;206
4782;93
2462;225
1308;144
776;105
2521;72
6936;315
3458;457
1539;146
2154;186
744;35
4294;569
596;401
1698;589
1576;292
4427;193
934;222
436;463
12756;352
885;278
1925;96
3378;77
4126;529
3328;66
836;399
4022;88
4418;63
6363;233
2131;207
4223;158
2090;94
8362;169
1838;274
3642;159
4308;355
2577;160
437;208
369;166
3594;161
2815;227
3919;217
4250;200
791;233
2068;59
1823;173
1651;158
4429;435
1839;127
2330;172
2251;286
4109;209
2430;128
9798;191
8276;319
3229;198
2089;94
2738;96
382;142
3325;213
2752;65
4145;388
1879;136
3102;121
738;89
2206;297
4734;254
10209;210
700;243
3125;134
2999;608
2633;401
1853;226
2094;602
658;102
284;368
1807;102
5736;112
4229;71
1136;393
1611;279
9997;161
2683;56
57;151
514;313
707;105
1414;343
1229;87
4384;115
4824;84
2798;59
996;121
12739;260
2531;348
2795;203
4605;177
1872;451
3141;138
547;235
1534;164
2663;422
37;367
4491;159
9663;415
1920;83
3947;96
4123;321
502;162
526;424
4604;357
2028;188
5354;162
1753;266
4219;217
4700;306
3111;143
507;56
4949;244
2252;91
1738;87
3846;349
4382;143
2297;185
3891;132
1513;268
2024;93
97;332
286;26
568;159
5760;392
2571;75
933;222
775;189
3801;161
1689;207
4764;85
1644;211
720;326
6272;324
2340;194
4280;140
4189;353
196;286
203;329
1904;144
2511;113
2010;384
1169;93
1951;138
1663;358
4288;177
1134;297
2105;20
38;281
4775;47
5046;155
3671;223
4489;63
2573;99
4659;251
2241;163
298;46
989;125
4433;414
2578;309
1298;103
3749;101
65;293
4092;189
1446;100
3876;164
396;154
3046;238
3662;343
725;75
229;141
3645;128
2065;201
462;158
711;139
4191;220
4102;113
3684;345
1486;327
931;129
668;503
117;274
433;232
374;75
5312;327
9174;478
4258;127
4369;305
2016;145
2017;145
4410;118
1961;358
9834;346
262;245
2383;56
1006;164
3349;171
10201;675
2567;295
4165;74
911;93
3905;181
6922;417
723;292
10043;413
1537;177
578;120
2428;332
12376;232
301;155
1021;147
3233;87
2156;507
5321;478
5827;301
1334;164
4015;187
217;76
1596;186
2512;113
2940;360
5392;335
3358;269
5367;431
2197;478
1484;105
3369;293
5704;93
6616;403
3476;396
4628;234
3693;184
13955;304
3599;293
1438;143
11379;202
4640;287
8667;296
9362;114
2837;137
702;138
3781;141
4151;77
1890;293
3316;246
4158;109
4050;175
12095;406
5093;322
3000;60
56;151
1550;92
4276;128
3139;195
3037;135
1009;68
1940;118
1875;123
3070;378
3418;108
394;104
5056;350
1991;216
4486;321
2450;220
11;254
55;565
2933;315
4424;61
1141;174
2517;153
3814;102
10960;237
268;126
2209;347
1600;175
5866;134
2915;76
3427;209
2366;308
4076;316
2522;128
3727;55
2713;161
1518;153
10090;259
1084;296
1147;147
3808;146
1329;241
903;152
10275;535
985;214
703;20
7521;401
614;110
2080;165
304;109
1475;367
2296;315
1189;163
4767;189
3319;364
1835;93
4002;286
1211;185
719;111
2281;360
655;254
2726;140
5642;294
4607;94
3273;359
2434;164
1597;111
13539;571
953;266
9833;346
6604;331
914;359
450;365
981;361
3639;55
4923;150
3928;172
1621;64
504;227
372;112
13044;180
4446;335
2114;316
2493;333
4120;301
1579;324
1764;173
2484;156
8091;479
8506;76
2400;443
986;244
2561;158
337;391
505;308
732;253
1692;67
1277;65
1055;56
4303;407
4655;124
1755;127
663;69
876;413
2924;279
3188;325
898;165
2306;304
9340;220
1431;148
4270;320
4206;361
416;393
13640;149
4253;156
2520;380
2803;77
1700;559
2223;273
297;46
488;314
4466;369
5081;200
2394;302
680;88
6033;206
3556;144
3329;140
2048;85
588;382
2829;203
429;136
4496;245
1031;261
2700;356
253;186
8677;401
4207;310
4402;341
1396;204
3098;170
536;408
796;119
3881;57
260;46
448;533
783;75
2163;119
13448;428
3415;157
1503;249
4541;148
2442;287
232;349
11875;143
2638;396
4373;164
4269;113
315;144
13480;284
3937;222
3629;101
812;213
3089;68
1489;328
3445;222
4701;169
3939;143
3130;120
6546;516
4362;13
1155;153
252;175
4465;88
496;416
757;349
1288;337
4608;277
4468;82
7723;264
1120;392
1985;110
472;379
1870;155
147;334
7855;49
4020;272
6235;104
135;356
3107;397
4625;330
9606;327
2562;108
2219;370
3537;226
3455;366
4545;162
4671;247
535;165
557;256
9433;274
2129;241
3664;55
4742;153
2557;126
3932;188
1494;185
2367;308
12547;213
1371;63
1792;253
190;260
2243;263
1350;120
3029;158
3883;360
1897;470
4520;421
4762;223
1984;426
4498;201
625;281
5128;340
5175;355
3183;126
13095;94
818;96
2766;144
2767;144
4448;309
2998;168
1549;207
1790;345
1255;256
1754;270
4422;430
4930;316
4534;216
3972;70
516;353
10288;525
13380;363
1691;403
3191;555
5722;429
928;233
864;309
7800;233
8615;379
1100;230
3858;192
3540;655
10828;191
13113;473
2044;304
3483;422
13451;441
4074;294
4247;115
205;210
1797;230
8510;104
4346;71
2979;116
3277;77
2282;88
3498;384
1888;108
4678;210
2505;145
2056;97
138;376
3148;347
1516;409
8489;139
4591;207
1236;268
694;294
491;154
2185;351
207;153
5214;250
3657;148
12220;249
2192;459
662;154
2474;407
1741;73
3213;116
4519;193
2926;70
3700;152
173;114
3870;373
490;154
750;392
3536;276
1048;240
1815;380
132;209
4656;206
210;572
10987;141
4722;94
3892;354
11855;177
187;205
2118;96
821;137
6753;291
1461;147
2887;66
11195;580
9973;533
3856;129
749;404
3541;655
3077;335
1606;268
915;115
3172;364
3714;374
976;392
1930;294
3289;253
2178;76
3182;105
2398;168
492;111
3337;180
1280;187
1224;223
1180;404
4404;377
1264;282
3472;189
7348;220
1676;106
3850;105
849;30
717;148
1604;150
3161;370
2171;196
9418;433
5860;275
2976;154
288;315
3897;435
3145;298
3495;13
1993;528
5404;134
4584;450
1125;45
3980;374
179;62
5133;458
2548;166
2654;232
4773;153
2775;320
1584;158
1850;248
753;366
1562;328
4262;167
1564;155
4358;397
2947;68
1647;279
794;258
458;344
2227;227
1465;148
70;339
7166;502
2513;339
1135;278
1935;229
623;323
3481;67
6115;333
974;90
4099;212
327;258
354;93
292;190
2112;199
2350;441
4791;424
1499;230
131;113
4241;449
1742;135
166;24
704;217
167;98
302;99
1274;61
10066;140
4733;301
2288;209
949;104
2570;476
7423;416
1796;230
2964;341
51;321
2050;355
7011;229
241;105
1099;87
250;481
4215;469
3423;46
2551;152
6077;321
5565;149
2628;65
676;356
3484;116
9721;414
2675;133
204;329
4147;146
4107;164
438;140
4161;311
12432;499
4246;87
3096;194
2819;230
10303;138
3653;134
1959;60
1139;410
3014;317
4426;216
3426;198
3085;472
2148;330
92;388
2846;258
441;336
3466;251
3185;405
4597;165
1215;323
1583;257
6944;348
2860;291
5313;327
134;356
3178;232
1946;441
1285;177
1736;181
218;119
1723;302
1565;306
3221;291
3679;115
4273;123
13102;380
2280;319
4450;112
624;323
619;173
74;129
698;185
1636;196
63;210
186;316
2472;72
4547;319
4343;349
6383;93
2247;335
5232;245
1234;30
1942;326
2856;307
1007;164
1861;403
12079;407
963;214
2824;376
9428;283
631;188
106;61
2876;121
683;144
1666;122
751;213
4481;20
6349;408
4487;189
3543;473
3546;199
3696;313
3019;414
808;60
894;196
1822;141
1390;49
3722;315
2410;303
3297;215
3688;609
754;426
10198;425
191;260
926;418
1360;414
2311;292
5212;274
2883;301
1150;258
2895;150
3190;88
1814;334
522;133
228;403
154;67
4748;163
4164;121
4403;107
195;286
1803;122
4048;123
2956;97
1829;349
2393;51
3071;197
9670;591
2877;291
13673;146
4749;333
2600;128
4485;321
1982;109
2009;52
656;331
1737;87
3742;491
96;217
1713;294
3707;159
11638;214
4461;368
6039;253
6408;149
1478;302
4862;358
85;242
1038;413
1080;491
3439;81
11857;276
3904;181
3317;246
3173;132
3628;141
1947;185
215;274
1202;341
910;127
150;150
9417;402
3304;170
3356;531
1487;67
11574;431
1683;131
31;274
1996;267
2661;444
3417;137
4272;300
2279;243
4751;224
2423;355
1932;140
9680;236
13852;303
2820;139
4398;158
722;171
8105;402
6255;74
1863;76
10095;423
1763;17
2858;241
1707;139
3027;127
3771;187
13750;339
2614;135
2455;334
3119;394
3280;225
4992;61
4469;186
6544;480
44;388
3716;288
509;333
1208;210
992;218
273;257
4618;218
987;221
1347;405
2317;130
659;71
1883;337
5398;88
1602;152
2361;196
3186;150
1785;141
3517;85
12625;453
3523;199
3787;212
3793;126
10382;532
3292;256
4779;102
3925;83
1779;297
2739;162
3146;111
3384;110
1718;279
7327;107
11083;208
5393;99
1787;115
1748;466
1685;441
4527;320
10041;392
3448;123
3382;432
3268;157
1873;451
1517;215
2266;24
5384;199
4606;358
1462;212
3516;187
2874;485
2173;249
50;198
4619;85
1761;185
2316;216
886;512
1456;172
12181;382
2460;268
2946;142
1087;488
1821;101
745;191
1500;74
3003;302
3105;419
256;235
3420;84
4806;113
1725;225
3437;105
3404;349
1591;144
984;214
355;93
2289;209
2905;116
10274;163
4339;155
519;158
555;394
3147;231
12843;421
3912;193
12750;160
4877;223
1174;279
136;136
3250;60
3950;327
3366;269
137;103
1916;171
4088;90
1988;223
1146;359
2168;74
3444;46
267;357
2800;125
457;332
13089;120
435;181
1774;167
4647;205
19;124
4576;398
998;106
4623;77
4397;327
2109;130
994;151
4221;288
3486;405
3791;315
1699;203
3641;265
2765;130
332;208
7100;372
793;258
3611;167
1112;182
368;174
3200;188
1536;327
2084;281
1601;152
9872;214
5433;293
4227;136
1401;369
11714;196
2712;320
586;182
2836;137
11978;346
3542;473
2811;97
1089;270
646;108
6511;196
2707;180
6829;327
4697;225
342;113
4529;312
231;106
1418;109
4289;425
1831;335
222;9
1877;206
2606;274
3575;160
4785;176
2779;66
2509;104
4626;251
1586;194
1450;442
824;191
371;112
100;211
8678;401
2496;129
2441;287
1922;143
3167;233
10636;549
2333;167
9760;286
1294;148
3354;23
3618;464
2896;327
2796;230
860;391
10096;423
1317;247
3092;143
1862;427
1659;256
266;139
5108;267
2002;333
921;121
517;234
7186;112
2777;139
3612;525
10479;422
4548;214
1363;454
784;75
5539;344
4579;196
184;196
12840;189
11121;384
14;186
3738;168
4113;380
715;348
2849;357
3344;461
3009;382
1760;348
3036;232
419;115
3164;179
657;102
313;215
12986;235
4484;98
4904;114
2699;420
2640;41
942;141
5246;408
13406;389
3374;292
1948;169
1581;269
4906;154
33;352
2745;277
3062;252
161;48
3800;161
1670;224
4260;78
1669;69
2762;421
2790;413
399;464
1744;358
1965;353
1789;348
3352;67
366;369
23;54
5189;38
7241;459
9987;232
1783;197
30;140
664;279
752;366
1117;404
2357;270
1375;349
5163;100
1204;584
2963;315
3135;293
1411;54
409;178
2216;464
1292;372
3762;215
4813;53
178;445
2368;255
254;86
3286;88
1849;139
6469;267
3376;201
2122;490
10746;131
497;215
1569;444
3290;149
1076;215
4066;193
781;388
447;99
2900;57
1340;150
5441;358
3272;359
3848;312
825;351
3274;281
483;157
1914;216
2134;206
4603;128
4415;84
2794;203
1024;115
4592;145
3312;82
295;547
8611;567
2997;475
1827;379
12490;99
2884;177
532;447
1226;287
3559;145
2852;161
946;406
2637;252
544;251
1973;332
3394;368
2918;182
4376;284
4292;114
312;378
1474;121
5858;232
2681;168
1324;189
11517;230
3396;155
87;366
2461;170
1706;182
1162;253
4573;171
9846;168
263;224
4800;470
1153;204
11208;403
1330;238
2451;244
4478;402
4558;220
4961;216
1409;189
1276;125
234;123
4256;174
1609;175
1834;93
1372;151
1137;347
10528;296
2032;220
9546;149
1002;142
3675;229
2212;397
3440;64
4314;283
389;376
2939;352
3871;373
929;79
3689;337
556;356
643;130
323;211
583;605
5028;359
3752;59
5277;127
3261;210
3807;201
4510;273
4342;273
1671;287
3535;53
2364;166
1470;121
432;364
2425;163
9403;323
445;210
2157;414
1479;125
164;181
1115;120
2594;220
1521;137
6299;301
3104;38
3247;103
1952;408
4239;140
156;103
3838;41
2667;90
3217;398
4710;94
3073;192
4504;181
3103;375
1088;325
4100;462
493;389
1728;101
3011;433
25;303
3165;367
4554;286
2345;450
4757;253
5978;154
756;304
1429;85
3740;183
5236;255
1178;398
2708;171
1543;345
3056;133
3124;354
1871;182
3783;225
3381;305
2238;88
89;215
3530;276
325;177
3978;384
4664;111
4458;432
40;180
2242;263
2229;261
2923;149
4169;145
2789;299
2059;209
2035;347
4259;335
10459;544
4790;166
278;227
1929;180
1348;405
2770;185
3128;374
5366;431
11063;477
2671;163
2950;98
5233;303
11977;157
370;176
3806;380
3236;279
8030;186
3357;163
11329;206
4892;106
4610;260
3844;161
1571;199
2534;124
12221;249
884;47
4662;305
4090;42
739;182
11130;206
274;406
870;169
9945;416
11136;427
1915;216
5143;141
4322;190
3355;360
649;353
8327;386
2813;321
2961;68
2694;163
3117;115
3265;31
4441;373
2418;331
1567;112
3933;188
2261;143
5137;126
1898;564
2439;465
2659;90
617;168
123;319
1047;16
1315;108
900;372
3563;317
4180;238
2730;171
4211;310
2630;99
2780;66
1702;191
9933;442
2254;234
1412;26
1575;292
2854;102
246;159
2255;182
2057;371
7970;99
1712;511
2408;105
8;246
5237;349
11304;151
2927;70
357;139
103;410
5684;153
2467;171
2718;223
2591;91
2590;91
181;394
1802;324
1841;342
434;178
4994;185
890;288
1910;189
3638;99
1726;225
3621;137
4387;202
13134;116
602;206
1045;83
2204;95
47;399
13556;181
4457;176
1548;207
1964;213
4975;436
968;286
4096;130
2117;130
665;337
4170;145
3500;398
1247;420
114;661
1310;235
2222;343
4420;320
4459;64
2547;129
4380;170
882;68
1490;341
2880;113
1568;112
4167;183
5132;190
1674;172
951;497
1200;78
5462;85
970;192
640;199
1129;195
3784;225
1273;39
5487;176
1690;196
3066;272
4794;247
3743;491
3196;186
3149;347
3428;209
67;137
4526;414
2580;63
3637;369
5450;92
5319;387
4299;200
1022;212
3153;357
8764;190
736;134
3425;310
1359;414
816;87
3952;219
1098;162
3652;134
4522;146
9;130
3608;168
13548;499
2444;157
3460;222
1617;125
28;310
2445;105
4514;151
3336;462
3503;134
11004;360
4720;227
1275;360
2529;160
10145;459
4766;78
1116;111
7576;398
2736;281
4515;82
1919;289
2354;315
3509;301
2060;209
2981;400
107;457
11149;303
7299;580
693;358
530;147
955;130
4037;144
3473;189
2327;160
1043;166
2124;148
5284;55
3333;130
1063;386
2199;61
1788;390
264;255
1945;351
3407;372
1296;353
3398;493
5445;330
3299;344
742;161
11105;267
819;156
11906;116
2644;107
4214;180
12616;158
11943;433
1278;350
2696;222
7567;198
2351;143
814;443
4652;173
4301;118
1154;153
2878;202
8666;111
345;203
973;90
1238;320
4944;270
826;289
1131;246
653;282
128;282
2302;371
1388;124
10566;452
15;106
2205;184
721;180
4793;184
1975;177
1464;148
363;52
1181;147
5826;301
5243;353
3569;117
675;441
1250;281
2687;306
918;89
45;130
923;225
1323;182
2984;344
7815;473
562;209
6474;192
3836;95
4570;95
3310;337
208;378
1957;195
16;106
4543;230
2395;412
3338;64
4658;253
13657;492
2668;90
1688;270
1053;205
2740;186
2375;146
1709;380
392;399
3733;340
726;212
272;129
3663;55
2191;101
1217;137
5287;138
1641;76
4568;409
2618;316
8636;87
290;104
12308;73
610;139
7;84
3416;137
4666;422
4770;354
2217;464
481;58
567;360
2093;602
3924;272
3882;57
2239;181
1921;143
1681;126
1364;210
5111;362
5517;415
671;195
3116;422
6499;427
3581;145
1108;116
3110;143
2495;311
2944;61
424;379
6551;458
2879;235
2324;313
2155;268
3199;188
12738;260
811;263
2058;459
2533;102
4116;337
763;83
4590;178
400;79
9582;169
641;256
3074;334
391;310
1028;215
4818;89
11768;88
4315;109
1937;125
3896;396
4122;321
3457;369
1905;65
810;263
2096;219
1040;491
1164;48
11271;72
2329;333
1881;98
1044;628
3341;228
3995;177
4313;371
2932;406
13262;286
5213;342
6367;462
3803;313
8571;140
4323;226
1361;328
1649;125
165;24
1093;271
2275;346
2621;124
2005;155
499;138
5283;316
11327;221
3345;376
503;186
2248;132
762;425
2928;419
4745;602
2167;263
2886;222
531;447
296;326
2116;165
11126;611
4265;211
2986;182
4192;353
4783;359
2095;83
2598;131
11337;144
598;309
2890;101
3259;440
1622;87
1376;381
1149;269
2210;347
1675;168
1492;348
1501;254
3525;70
952;92
2572;123
577;170
3864;299
1459;74
3462;243
8610;567
1750;384
4364;475
1119;368
618;211
4434;299
1801;324
4325;194
3399;323
237;114
201;119
4055;230
225;96
909;392
6987;303
4752;121
13171;199
856;117
3377;201
3627;190
1327;379
1599;175
1612;279
64;150
265;334
326;258
3510;170
5579;133
4989;55
125;385
2679;384
2919;182
3977;232
4432;186
4193;98
7914;438
3258;505
4968;142
329;133
11676;116
1882;98
3018;98
1259;69
4242;449
3267;382
4006;53
415;216
2064;405
4079;201
4051;139
3184;417
4907;154
2365;74
1756;62
3566;104
2868;118
