2402;167
577;170
2495;311
9417;402
4569;154
1880;176
4719;141
3848;312
544;251
2808;424
2531;348
1349;261
470;408
13406;389
2964;341
4315;109
1956;175
5321;478
3250;60
4078;301
361;166
3728;93
138;376
3019;414
5081;200
11331;540
1111;334
3660;310
351;381
1620;592
1623;172
5473;69
3406;411
4626;251
10703;250
2587;335
13404;364
42;409
534;455
3933;188
991;180
4573;171
3922;302
1692;67
3496;13
4837;277
348;174
4817;297
1673;324
4370;284
64;150
1972;284
3777;107
3072;192
13171;199
4117;56
652;481
4808;121
3814;102
2305;304
880;274
924;558
443;93
1775;169
903;152
3162;183
3468;131
989;125
162;326
1282;158
2353;339
10662;125
12754;487
7166;502
2478;200
695;161
4698;260
4701;169
11136;427
2708;171
1296;353
1932;140
3429;153
479;324
4246;87
4112;70
1054;205
1345;158
3981;123
2323;161
1563;403
1971;264
796;119
12729;191
3747;143
2703;74
2403;564
2588;368
3300;165
71;339
3911;284
3702;167
1431;148
5527;194
440;530
284;368
826;289
3960;118
2028;188
7970;99
7815;473
5275;360
3741;129
1648;125
1753;266
1006;164
1543;345
13931;368
9663;415
4661;90
248;256
5517;415
4731;383
1454;257
4892;106
3347;185
1733;316
5580;133
3724;178
4255;79
11976;157
3350;59
2209;347
2268;237
12730;191
5399;406
2555;298
3534;620
649;353
2359;248
61;144
2018;344
13123;468
2965;104
6417;601
1554;91
2873;435
3712;84
2751;291
3609;168
3539;202
166;24
1007;164
1060;129
1995;142
4644;69
4014;270
4037;144
596;401
3774;140
4651;196
1799;441
3610;283
3355;360
4060;187
268;126
2376;146
2673;251
4836;360
2274;346
2324;313
2510;410
2267;169
3421;274
2538;172
2591;91
4313;371
13576;321
77;316
2684;454
1738;87
3409;54
3816;59
3487;156
2311;292
3877;189
12092;191
1157;369
6481;358
2412;127
3910;122
1378;428
1935;229
6750;299
4307;164
4459;64
5203;196
2687;306
5318;387
4384;115
1171;133
2449;159
10543;339
13468;166
6478;350
2278;388
4382;143
11977;157
9933;442
1785;141
2956;97
2373;302
3287;88
11943;433
3047;271
238;504
694;294
10702;250
1190;159
1311;243
2105;20
3370;45
1790;345
349;357
263;224
1468;174
3177;564
901;334
1148;64
2579;63
436;463
962;206
3008;87
2422;243
3994;545
7855;49
1667;122
3335;634
376;108
1059;129
6196;196
2484;156
582;392
12468;148
3152;97
4342;273
1355;310
3083;223
3144;298
3476;396
3480;67
1725;225
3832;364
879;171
827;150
971;185
2716;231
10798;420
1889;161
11034;391
3236;279
1713;294
4000;147
1084;296
7422;416
6978;434
3204;208
1442;127
1742;135
4554;286
2346;450
4797;345
4619;85
3970;271
3961;217
3417;137
3537;226
2256;105
2025;134
3971;190
2533;102
4778;336
3973;139
3545;203
10813;192
1994;528
4412;179
3493;222
122;208
3382;432
615;123
4046;107
3701;93
3142;146
3928;172
4023;88
1950;61
2643;80
2884;177
4008;180
3184;417
1674;172
671;195
2326;177
1741;73
3344;461
4678;210
8366;357
2670;224
821;137
461;330
2653;160
3135;293
2109;130
4122;321
4194;144
1973;332
4783;359
360;165
2594;220
751;213
1321;156
1239;401
2007;207
2645;236
3813;266
437;208
1264;282
4487;189
12417;470
1123;137
3359;110
4612;60
832;134
896;403
1293;148
2614;135
4081;103
242;243
3257;180
1317;247
430;273
682;214
114;661
366;369
4098;247
33;352
540;276
515;353
643;130
4994;185
2450;220
9419;433
1217;137
4102;113
1044;628
240;329
243;289
3795;56
13915;364
3834;198
1204;584
11360;264
783;75
2070;320
1643;107
239;374
1760;348
407;142
4359;422
1132;246
648;250
1447;100
564;85
143;395
3569;117
930;27
1155;153
12625;453
3071;197
490;154
8666;111
494;164
1466;115
4335;351
3317;246
3011;433
2333;167
2417;238
3066;272
3275;281
780;259
4620;665
513;313
1934;70
3467;251
4585;314
12577;387
4328;335
1150;258
318;189
793;258
2697;222
391;310
4170;145
4293;569
1220;428
2830;343
2995;102
11873;230
680;88
1281;187
1065;299
3244;204
2230;89
2815;227
2388;204
5404;134
4433;414
668;503
2783;107
4383;101
13089;120
463;75
12383;144
4105;69
1862;427
1285;177
5617;325
2924;279
5287;138
4708;121
766;56
56;151
3096;194
599;309
4259;335
4114;127
4087;310
3254;97
4004;200
36;367
4174;111
1894;178
763;83
4514;151
2567;295
1211;185
768;305
3129;174
1823;173
3130;120
2960;68
909;392
3303;340
3005;349
3388;160
1003;123
3067;378
12547;213
1677;106
4181;146
3242;174
2999;608
1240;26
1343;360
4043;139
1119;368
1420;332
4671;247
10198;425
252;175
4500;251
4220;258
855;113
3888;82
882;68
333;65
2087;69
10555;337
11875;143
5263;228
4306;160
4816;157
875;127
1687;123
735;134
3614;91
1417;68
1694;249
4050;175
3457;369
5858;232
2093;602
4040;68
2343;95
2404;358
4718;342
3218;402
1121;499
4178;316
1730;165
2427;165
2137;219
651;367
8359;376
12145;465
5126;205
137;103
4233;370
5171;208
583;605
2730;171
3762;215
74;129
72;356
5319;387
1364;210
1366;438
4688;93
2472;72
129;476
4795;183
3680;115
579;189
3416;137
2969;71
3800;161
3937;222
76;181
1341;399
4529;312
10282;339
2698;420
4329;230
378;141
3291;160
572;78
4768;127
990;72
522;133
12991;222
2059;209
4761;176
13095;94
1920;83
2618;316
11461;649
3277;77
7862;164
11683;235
2317;130
1389;131
1779;297
3573;324
2117;130
829;154
10096;423
2088;192
4821;493
5325;463
1090;150
6731;382
1512;123
4937;255
10351;423
3241;174
2915;76
740;334
1043;166
747;131
1425;268
334;299
169;241
2644;107
4465;88
12643;145
13051;77
3656;148
743;260
442;93
2948;170
2249;126
647;108
3365;61
2392;302
5965;560
3490;162
4403;107
2762;421
3781;141
132;209
4369;305
3808;146
4740;169
4165;74
13852;303
4765;82
3378;77
1728;101
4272;300
3550;365
424;379
112;217
1100;230
5727;153
6571;193
3074;334
9250;94
3914;109
11147;144
11327;221
356;139
710;132
9880;225
4631;256
2349;441
2155;268
2702;160
4182;114
13447;428
1758;441
4131;223
2738;96
2578;309
4163;162
3532;243
3131;67
3529;147
3060;162
59;377
7672;462
2749;88
3447;213
2576;121
3379;77
3452;120
4317;305
11083;208
4026;248
13657;492
2522;128
2056;97
1965;353
1004;86
410;217
2350;441
202;177
5866;134
825;351
327;258
4526;414
96;217
4650;51
3128;374
3707;159
3255;503
2210;347
3852;254
3619;83
804;144
2979;116
8661;149
4138;68
3618;464
2601;309
221;169
2251;286
2552;162
4295;196
1568;112
3114;249
4240;40
3309;315
2258;425
4431;135
3905;181
218;119
5117;295
3790;323
3339;110
1424;99
2009;52
2892;168
1276;125
2597;131
1812;407
4461;368
1294;148
2833;165
4261;182
614;110
1792;253
601;206
219;331
3913;261
659;71
1139;410
3930;255
3722;315
1946;441
773;64
11380;202
835;399
4775;47
3987;229
5215;250
631;188
621;357
5977;237
46;130
1502;60
2480;201
2744;125
3369;293
2205;184
1323;182
1832;337
2191;101
1134;297
4589;451
501;391
4109;209
2839;122
1577;70
1271;198
2062;106
1796;230
943;141
136;136
1208;210
3669;243
198;51
13971;344
8276;319
1847;75
290;104
798;276
2453;304
5056;350
5145;206
1464;148
4416;294
756;304
4521;380
3183;126
3865;263
3563;317
4627;234
6185;292
2613;233
1654;534
5144;141
1857;148
4347;305
2494;99
5277;127
60;192
3599;293
4085;330
702;138
13608;256
11637;214
68;385
2283;404
2470;282
10201;675
1356;90
2621;124
418;106
2768;175
1382;93
2832;165
3278;77
2168;74
13924;146
4556;312
3220;291
4780;25
723;292
5420;122
3390;92
2770;185
645;137
3453;265
2688;488
4041;68
13262;286
1852;193
822;219
3361;55
11676;116
4745;602
2257;425
3473;189
2315;224
1683;131
2022;129
2008;144
3874;139
2636;348
4622;445
1682;150
1297;103
3901;366
913;260
506;224
9273;415
2482;132
4203;303
1206;166
2395;412
998;106
4764;85
2992;109
283;320
1393;310
1815;380
2955;93
1199;219
2619;145
3520;343
9593;500
3530;276
5224;407
3555;229
1603;150
1604;150
2890;101
1504;249
1547;56
1999;188
2460;268
4668;158
10510;527
3334;121
2488;536
3519;369
2134;206
1710;393
2151;132
2819;230
9362;114
660;353
2254;234
2176;254
8610;567
10066;140
1177;194
1564;155
293;178
294;363
4630;297
482;58
117;274
3158;338
612;78
3617;76
3156;233
414;216
2650;491
108;79
2586;335
4361;137
2119;71
2623;412
2872;282
4777;336
2675;133
605;159
6363;233
2715;426
4089;90
8463;356
949;104
1755;127
929;79
2511;113
2834;400
816;87
1583;257
58;93
3085;472
2987;182
1248;171
1122;137
3009;382
7065;173
1628;219
3217;398
2743;125
6893;99
1163;354
3799;309
2289;209
2425;163
1037;397
2384;56
4214;180
1035;117
2405;358
11406;238
4156;180
2986;182
1582;111
1744;358
350;253
2897;139
3906;277
778;354
916;180
1646;120
12382;144
1594;57
4056;533
10479;422
759;194
2266;24
1127;103
5237;349
1179;321
2560;224
4016;377
2592;228
3229;198
4637;79
2141;483
141;330
1891;141
180;244
1413;144
2133;206
3119;394
7011;229
97;332
3897;435
3856;129
3525;70
2383;56
2265;178
4675;364
5760;392
3392;140
4068;67
1332;182
10963;471
3101;168
3822;143
2858;241
2052;319
1221;351
4042;99
4553;163
864;309
4523;146
2418;331
2829;203
4324;226
10777;203
1467;99
4340;209
4260;78
3088;341
212;121
2172;309
4129;60
907;408
12943;202
152;274
3831;364
3759;391
314;215
4749;333
2419;176
4705;259
342;113
1072;380
3714;374
3124;354
4726;66
454;371
4303;407
1701;559
1587;254
3143;189
4320;119
516;353
12844;457
3440;64
5141;119
1031;261
4302;156
1811;63
1952;408
1726;225
3651;62
3286;88
1095;64
3100;351
2938;158
2622;129
4541;148
588;382
3825;121
3866;263
4598;33
2487;65
1590;335
3645;128
357;139
3700;152
4572;324
1474;121
5395;283
1600;175
2962;315
1806;160
295;547
409;178
10275;535
4519;193
4826;123
2033;220
4724;320
2047;407
4176;124
4577;91
10998;200
13588;131
6827;101
4123;321
2409;49
2490;467
1359;414
5565;149
7412;115
1229;87
2689;361
4503;86
4432;186
3708;137
4591;207
2607;267
2015;89
1709;380
312;378
2786;413
2214;301
4028;132
65;293
4287;301
3775;154
1325;204
4;117
2461;170
1632;105
1386;330
121;405
4673;295
7796;198
4832;291
1395;336
3055;119
4251;429
1189;163
2950;98
704;217
4428;570
2432;328
3271;396
883;47
4597;165
12359;230
518;75
887;178
2394;302
10273;163
3854;113
4482;287
3893;174
3586;298
690;341
4435;299
1807;102
2469;158
14;186
21;60
939;108
3043;248
3104;38
3102;121
3886;402
2822;214
2307;115
3324;213
2857;235
846;90
1098;162
2128;210
8105;402
1846;79
66;255
3829;427
3203;208
3298;387
11121;384
1850;248
2227;227
4145;388
1615;327
3470;188
9755;204
3765;519
7150;153
1885;286
1649;125
1719;119
2378;102
4284;204
1761;185
7390;408
4426;216
2399;63
3571;241
1913;208
2499;130
4695;145
1153;204
2515;208
4501;139
3845;189
2114;316
8678;401
4227;136
2651;491
3522;384
655;254
311;80
3175;181
2534;124
12303;248
1493;185
1091;43
956;182
590;178
2361;196
2096;219
50;198
2827;124
3013;317
1156;180
330;488
2818;399
13603;403
5046;155
216;59
4758;59
4411;179
1691;403
2078;317
820;156
2398;168
13673;146
4604;357
937;53
4377;530
5761;392
4180;238
1001;115
1251;78
3920;327
699;106
1195;390
3552;80
3093;188
6474;192
4007;180
5353;137
1329;241
1159;140
2136;490
4032;143
3414;413
296;326
3959;214
2904;116
3606;234
2294;532
675;441
2917;110
1361;328
3836;95
1265;366
1746;161
3838;41
870;169
2898;139
3526;70
1241;110
9196;377
2888;38
5320;478
1528;173
3249;60
1953;408
51;321
7;84
591;306
3312;82
4782;93
3179;58
4417;198
3299;344
3786;162
3875;164
2129;241
2477;153
1485;327
2200;464
3408;372
4685;174
3891;132
4408;60
1104;155
462;158
711;139
975;157
3953;107
282;320
7980;281
4415;84
2199;61
3661;96
1487;67
2341;194
1305;143
3454;366
3740;183
714;248
3711;412
317;161
2079;245
4437;125
7521;401
987;221
4044;307
4564;423
3494;113
2799;453
863;213
2896;327
586;182
4059;207
1470;121
3090;235
3745;562
2701;128
308;154
4144;81
4584;450
512;444
4132;186
1021;147
1584;158
910;127
3944;563
4484;98
2085;281
1136;393
786;606
10639;184
2778;176
3642;159
737;124
895;369
11329;206
425;177
1655;224
2329;333
1124;192
365;369
3559;145
2975;447
4681;124
1764;173
1117;404
1227;287
4819;274
3063;158
1821;101
11866;530
12397;438
1664;167
3118;115
1906;48
1514;104
1877;206
4904;114
5273;142
2521;72
3772;187
4371;188
1909;149
573;19
3904;181
2871;129
850;281
609;139
1260;421
3307;265
1462;212
4291;113
4245;125
484;359
5398;88
2442;287
3837;363
3161;370
1608;175
320;149
4686;55
1610;152
610;139
1322;69
4399;235
2277;92
4296;106
5030;196
3243;336
11867;530
4759;59
13405;177
4617;218
5384;199
481;58
12344;310
2157;414
11274;288
3002;311
658;102
477;445
3333;130
4133;186
496;416
27;62
11709;167
1777;40
4445;70
3640;265
1337;337
1639;432
1822;141
3451;120
6317;454
3038;212
3436;105
2637;252
842;298
4815;157
4601;560
1419;332
1559;168
2187;349
716;117
3197;416
3590;175
3233;87
4555;400
1611;279
11545;347
328;142
4225;407
2997;475
1339;358
1750;384
1196;299
486;89
3871;373
4067;366
2940;360
3788;279
4567;413
620;173
1927;375
4441;373
2086;16
845;479
1698;589
4192;353
5563;124
9226;539
4212;186
9702;366
1128;184
3962;260
4336;471
2695;163
978;312
6112;172
2290;377
4706;271
2625;111
2213;241
10209;210
4704;75
3850;105
229;141
194;304
1875;123
4784;176
2498;238
2661;444
4308;355
3459;222
429;136
1967;200
1968;200
1113;202
2321;259
2072;105
3138;24
4788;352
1533;186
7423;416
4115;58
403;130
885;278
3568;111
1989;292
2540;80
1237;221
197;434
2825;106
2011;105
6114;373
1570;444
819;156
5334;154
3907;264
4101;227
2066;389
11372;561
3924;272
3769;167
2820;139
2686;306
2584;332
2658;77
9820;331
585;182
977;156
193;437
755;324
2674;251
2824;376
2223;273
12328;133
638;127
725;75
2692;164
1033;283
11516;230
10987;141
2181;633
4462;104
2177;331
4253;156
2400;443
53;69
4381;107
10046;432
4172;132
380;197
7112;115
5397;88
3050;480
4636;245
1471;121
1997;118
2236;321
4568;409
3872;105
2279;243
4188;383
1460;59
2073;299
3654;52
4471;154
86;242
683;144
3531;216
3678;100
4344;216
261;343
2457;610
3900;366
3736;185
11337;144
13134;116
416;393
1129;195
1268;101
2985;344
4077;352
4092;189
3564;157
622;293
3589;327
708;146
1050;123
3827;349
11906;116
291;104
3557;144
5530;126
4091;92
2074;180
536;408
1256;288
4337;298
4252;429
4757;253
7043;202
1173;239
3188;325
2885;222
5132;190
3381;305
12220;249
1599;175
173;114
5445;330
8726;423
148;334
2932;406
4448;309
6485;348
2837;137
3968;331
209;378
4241;449
2984;344
1411;54
642;256
1575;292
1724;363
427;107
3234;73
8064;274
12358;230
6644;189
589;199
811;263
3697;84
158;198
1180;404
3435;397
2445;105
1789;348
4283;125
106;61
402;158
2617;82
266;139
3127;163
3016;185
2222;343
497;215
11008;440
2439;465
3407;372
6077;321
9;130
336;391
562;209
444;466
4485;321
1960;112
10159;196
24;328
4453;416
4658;253
1638;138
1684;131
4766;78
8076;249
346;203
1495;332
5347;357
2881;148
1596;186
2101;342
13231;245
2514;83
11907;116
9236;449
2742;245
681;154
1986;110
472;379
3180;58
4586;314
1226;287
3086;472
960;95
4033;237
5531;210
142;73
3313;104
3445;222
9997;161
2220;360
1985;110
750;392
4805;70
3629;101
4634;328
1848;96
2364;166
1423;106
211;572
514;313
2197;478
3556;144
3675;229
2368;255
397;126
3596;260
4628;234
255;432
3483;422
4425;61
4210;300
2229;261
698;185
1661;361
4467;82
2923;149
7800;233
2068;59
3384;110
63;210
3804;313
2928;419
2397;369
3484;116
2387;258
1214;289
1327;379
4692;300
607;125
4803;318
762;425
6299;301
9675;339
4282;294
1736;181
3679;115
1524;193
331;372
3424;173
3592;346
1019;56
10746;131
641;256
1574;133
6052;407
1751;73
3753;29
5393;99
1270;300
4074;294
4691;387
1176;116
1458;394
1491;328
1029;511
4497;245
1797;230
510;119
6803;326
2970;71
400;79
12859;598
5472;157
8295;220
5236;255
4532;304
62;197
8670;370
3302;340
721;180
3631;240
764;142
3547;91
915;115
1670;224
4504;181
5873;261
954;57
6922;417
5093;322
2241;163
1784;251
123;319
3007;218
12378;263
2372;116
4031;49
4710;94
2166;403
5281;184
3752;59
6186;292
182;394
2158;154
831;311
1517;215
4420;320
3842;51
2182;266
4270;320
4207;310
4600;264
7683;354
4918;215
3216;404
884;47
758;185
2226;306
4534;216
1073;148
1634;80
2527;147
9231;333
4061;159
13417;175
5322;397
1438;143
2769;199
5826;301
5002;119
2159;343
2852;161
925;456
487;314
6039;253
1546;56
4206;361
368;174
7724;264
2081;186
1188;259
1876;299
1945;351
2525;435
192;112
1537;177
1703;318
1306;301
664;279
2509;104
80;196
9721;414
2901;191
4709;122
2382;368
2746;286
4268;281
2647;222
324;169
1498;202
2055;196
6473;192
3403;126
1362;328
3422;93
3685;38
4804;102
11149;303
2732;288
1757;62
946;406
2276;298
2838;204
4794;247
2505;145
10818;359
9505;258
1222;417
2112;199
918;89
881;156
13201;550
3443;336
11911;161
2367;308
2854;102
438;140
2717;223
3120;338
4229;71
1572;386
467;87
8433;283
691;341
3210;160
2162;357
2069;198
1394;336
3368;447
853;312
4975;436
944;294
1669;69
1372;151
5067;57
3441;324
2275;346
12003;416
2700;356
926;418
12750;160
3200;188
3949;55
1280;187
1808;102
1870;155
11687;200
2550;185
4665;422
1903;263
124;185
4236;127
4249;193
3121;113
2930;411
4276;128
4583;181
2718;223
4118;321
3641;265
2980;154
1418;109
4333;187
13451;441
272;129
1008;366
1765;222
1435;144
2605;50
700;243
2720;189
3280;225
1686;123
234;123
4789;231
3581;145
3140;195
12986;235
154;67
727;208
3967;331
2842;81
789;167
4510;273
3154;357
389;376
524;191
1642;85
995;151
4147;146
2288;209
1737;87
2816;227
3723;175
13539;571
1407;415
2454;16
2211;117
2882;130
894;196
5204;448
12738;260
3929;162
1711;511
4540;214
1919;289
10960;237
4086;101
2167;263
4653;246
4365;414
1549;207
5152;311
4217;300
195;286
2557;126
1340;150
223;380
3627;190
4607;94
629;320
2755;129
1636;196
11004;360
1039;446
4682;124
1866;452
3276;361
1266;403
4258;127
10200;675
3328;66
4390;226
2693;97
10076;331
3110;143
3823;167
3793;126
3373;292
560;34
4167;183
1593;298
4256;174
3463;374
3909;212
179;62
4444;70
4243;351
267;357
4150;157
953;266
3931;255
4901;372
2856;307
4976;29
5;117
1861;403
3946;445
1981;348
4547;319
3389;144
3125;134
13113;473
359;64
3876;164
1978;221
18;75
3523;199
4809;191
523;339
4767;189
1052;205
1630;420
8568;223
3338;64
70;339
3221;291
4512;91
3027;127
1250;281
3982;115
997;106
3737;200
75;44
1275;360
667;209
493;389
4030;57
4489;63
274;406
1263;296
3721;105
4552;359
6944;348
2712;320
2342;119
2512;113
4456;115
2459;112
2242;263
1404;447
2767;144
4530;312
11266;174
4093;58
3039;134
3903;218
1921;143
4525;266
12843;421
1414;343
841;344
932;178
3061;162
10040;392
4137;177
3159;351
413;176
1947;185
1346;184
246;159
8333;175
4656;206
3954;383
1566;265
657;102
90;163
1385;330
2355;228
4063;369
3174;132
1825;56
1234;30
354;93
994;151
2958;215
1759;160
3035;357
3032;358
748;404
13480;284
2080;165
719;111
4479;492
4003;212
2243;263
1939;118
2428;332
927;320
1312;169
4647;205
1839;127
4810;191
1432;151
2362;196
135;356
4100;462
4491;159
7787;226
303;186
13285;190
3410;181
3861;99
779;322
1523;107
3147;231
2713;161
857;205
1120;392
6967;134
1063;386
2506;294
3681;225
12662;228
627;225
1578;148
2908;159
394;104
2608;353
1057;174
1925;96
4062;64
2632;54
3192;129
741;160
1096;104
3349;171
363;52
9174;478
673;231
399;464
204;329
3472;189
3475;112
3542;473
1612;279
2489;224
4558;220
3394;368
2170;94
2386;204
13912;155
1202;341
3367;269
9973;533
3028;334
1907;74
304;109
4820;206
4304;325
812;213
316;21
1602;152
1081;217
4716;94
5201;415
3812;330
1450;442
4516;230
2032;220
13412;460
3225;432
67;137
2879;235
2945;142
2299;134
4473;262
4684;280
922;225
8598;470
1011;254
465;472
2147;411
4326;150
12396;438
1818;357
3486;405
2563;213
1826;379
480;324
757;349
1718;279
13590;232
2959;104
538;144
11768;88
4515;82
134;356
8217;333
4034;160
945;294
3331;397
9846;168
4265;211
4623;77
551;49
3698;239
1088;325
1895;12
1731;210
9366;295
4354;442
4083;130
2754;183
3265;31
769;97
1650;83
859;391
3311;128
3732;102
2850;192
11851;360
4544;97
4861;167
1837;274
5284;55
2894;188
3621;137
2909;145
4728;293
10070;135
2379;169
3844;161
4119;301
575;282
3111;143
4687;93
732;253
4648;303
911;93
13490;474
6764;181
3683;95
1284;306
1658;125
3687;609
6183;212
2921;175
934;222
5354;162
1756;62
2760;228
2781;276
5775;84
13694;152
265;334
498;215
6408;149
3805;333
3205;115
9717;260
2878;202
3638;99
8030;186
2706;140
2135;478
5478;280
3575;160
4578;93
1542;345
871;307
2790;413
3297;215
4183;114
784;75
1198;237
4729;277
3684;345
13102;380
3554;229
1352;396
775;189
12908;177
2750;88
1503;249
11855;177
2462;225
734;69
7299;580
2801;287
5337;372
215;274
2292;225
2089;94
2067;264
1103;155
3908;212
2598;131
810;263
3499;406
1819;148
3853;52
4486;321
9457;171
2408;105
3413;331
1118;404
1246;420
1681;126
1164;48
13469;166
2207;238
8327;386
3376;201
760;176
5108;267
4338;317
2424;73
91;104
3290;149
161;48
2503;128
3006;310
5389;113
3719;317
2057;371
2239;181
2539;274
4798;183
8506;76
392;399
677;61
1219;88
2301;159
2883;301
2990;268
2548;166
3587;298
4281;298
1178;398
4790;166
3942;406
321;325
1699;203
2010;384
4447;335
9775;203
1102;330
2907;140
2312;193
2171;196
3396;155
2381;221
2639;41
10912;393
1991;216
4520;421
1717;344
3966;69
435;181
2590;91
2800;125
5164;300
1223;557
972;185
3824;121
4106;53
1380;341
814;443
10043;413
504;227
3601;303
3696;313
8737;187
7010;229
3798;271
3688;609
1369;29
4421;30
4177;190
3750;271
707;105
3705;512
4561;196
611;78
3215;235
717;148
1469;358
4141;193
6829;327
145;92
7100;372
1840;127
2483;132
5149;140
125;385
2393;51
9569;194
3650;107
3826;349
3015;354
2110;156
3517;85
3858;192
2530;380
4127;529
2696;222
666;270
2034;347
3266;31
3652;134
447;99
2895;150
11795;421
3491;162
3057;133
3902;337
1897;470
4464;251
574;543
8502;142
1500;74
3993;170
2729;244
3819;114
7434;194
2953;269
2144;295
2628;65
383;223
11405;238
10563;543
15;106
521;209
2138;84
4546;220
495;115
11379;202
625;281
2012;105
2951;81
2020;88
1492;348
543;102
4189;353
2407;346
979;312
3764;439
4157;189
2648;222
4969;78
422;361
2863;94
3833;65
4264;279
5413;156
4593;226
966;112
287;314
5722;429
4166;265
3720;317
670;167
9995;269
1252;78
3261;210
4974;436
782;400
2185;351
11754;182
3507;479
2019;88
352;491
3577;126
1977;111
4020;272
3391;109
13956;304
2561;158
4565;424
888;104
4224;89
3095;95
28;310
3327;268
1984;426
11979;346
203;329
22;54
856;117
843;55
4972;74
3402;126
636;99
3247;103
2685;36
3171;291
1283;306
343;148
1941;326
3565;487
2610;146
4925;251
1788;390
1982;109
730;361
12568;163
4343;349
2121;233
6886;151
4989;55
1565;306
3649;177
3251;473
644;414
251;274
11050;247
4930;316
2005;155
13151;183
3821;322
2253;91
4769;354
8777;87
6544;480
568;159
4609;149
466;87
902;122
390;141
2306;304
4388;102
1645;182
4723;268
2046;143
13090;163
3849;275
6567;530
1145;167
4548;214
1930;294
1641;76
4151;77
1228;280
656;331
4506;340
2377;218
3031;358
4508;154
4714;120
4560;149
2877;291
3738;168
3558;144
43;379
300;208
1071;49
2638;396
5376;192
4297;106
3393;310
1898;564
2866;62
3600;124
273;257
3811;221
401;79
421;399
1505;429
4148;146
3624;433
2847;101
1473;195
3444;46
617;168
2448;195
476;445
5392;335
2322;325
4244;125
3134;207
2099;372
3282;224
2444;157
1520;157
3113;249
5233;303
1659;256
4762;223
1829;349
1016;205
745;191
2140;139
13923;75
302;99
3595;183
6191;496
8287;75
13690;325
2734;119
1509;221
9428;283
6729;94
505;308
3092;143
224;163
684;123
4590;178
6349;408
2357;270
1182;299
3252;473
3112;70
3919;217
2308;163
639;185
999;318
7863;276
1421;330
1798;146
1238;320
4563;423
1905;65
1108;116
4263;200
13620;246
1046;99
3377;201
2537;128
2974;266
5107;267
3923;302
374;75
5521;366
1130;63
1053;205
11701;198
2473;438
906;64
3115;415
1851;389
2092;237
1040;491
375;42
4035;160
2006;207
1854;193
5441;358
3186;150
1137;347
3566;104
4352;352
3639;55
578;120
4502;86
3739;416
2465;275
1434;404
2475;226
19;124
1472;164
335;183
404;130
722;171
2107;95
4380;170
12050;376
3485;82
4916;584
2493;333
3322;289
5012;74
156;103
957;39
338;481
288;315
6175;305
1170;162
2593;228
3004;302
4401;322
2190;101
852;244
1617;125
9418;433
1872;451
4760;176
7797;198
9427;283
2261;143
9611;435
4248;164
1591;144
3668;464
2043;182
4732;150
2918;182
3843;169
877;190
11497;526
2352;193
511;528
2761;233
731;253
1080;491
4807;77
7632;264
1363;454
12416;470
2240;163
2501;269
6272;324
2050;355
3616;212
2919;182
3859;192
1996;267
1595;90
1146;359
7411;115
4011;181
3230;145
7586;363
1597;111
178;445
4787;171
12325;250
3717;82
519;158
3574;272
457;332
2053;198
2968;332
4149;157
1869;155
5385;282
2876;121
3025;170
3703;57
12726;112
1787;115
313;215
4524;266
2184;276
1194;215
4813;53
7127;464
3830;254
2071;275
1653;185
4588;226
509;333
4451;349
3783;225
3356;531
32;351
1752;171
1754;270
1015;205
803;144
11359;264
2887;66
3695;313
2327;160
358;176
806;55
6691;343
1014;331
3985;184
2455;334
5338;372
818;96
325;177
2939;352
3964;347
1748;466
305;177
3885;565
1338;337
1745;78
3267;382
4164;121
1660;389
2615;341
4603;128
3647;139
37;367
2721;300
2893;318
3950;327
9664;415
3450;248
4662;305
2313;208
10997;200
4956;94
988;125
1242;125
1360;414
1258;344
4095;130
172;349
4632;82
3076;165
181;394
3474;92
2966;265
10566;452
4793;184
1233;78
3916;231
12181;382
315;144
3515;110
3998;403
4012;411
210;572
1287;58
4812;120
1853;226
3637;369
900;372
2248;132
4142;146
3513;319
6256;74
396;154
9798;191
249;256
11409;643
1026;58
445;210
602;206
4155;316
1588;102
4213;180
4010;184
2366;308
7241;459
1101;290
3620;83
4463;306
3501;109
3427;209
11252;135
1704;318
2195;470
923;225
637;86
5462;85
1388;124
367;174
2518;153
3070;378
3259;440
1480;278
2849;357
1055;56
3767;206
3648;180
1631;105
10636;549
2045;143
5016;218
4052;139
2451;244
2003;333
2535;290
2420;70
4223;158
370;176
765;293
8548;233
7286;353
693;358
340;145
4409;60
226;413
1619;592
4744;45
11732;182
1647;279
569;205
2027;188
4154;165
10459;544
2536;77
301;155
847;135
11491;183
1373;211
1975;177
872;11
8571;140
4316;189
4325;194
2347;173
2886;222
532;447
1803;122
3974;364
1310;235
861;281
4474;101
2076;257
4923;150
1532;381
3239;79
11371;286
2203;132
542;140
1892;272
451;131
2464;36
6366;213
2756;314
3281;134
3167;233
3895;324
4262;167
4594;91
6033;206
5134;365
718;148
5450;92
13276;83
1957;195
3089;68
448;533
232;349
2415;280
5352;370
1158;62
4730;54
851;244
4205;298
940;270
1936;125
635;99
1377;381
428;120
2363;411
388;290
9456;205
9680;236
200;372
1290;255
2115;316
1236;268
2431;339
3578;100
2354;315
672;362
11;254
854;149
101;108
1093;271
1539;146
3521;173
3742;491
279;227
3187;398
3489;164
685;126
3709;137
415;216
1318;339
1112;182
433;232
1856;148
1097;104
2339;447
2562;108
3580;175
4372;314
3316;246
2252;91
3794;145
874;127
3058;207
1300;192
13921;149
2758;188
4449;195
2926;70
3935;321
9718;260
1347;405
559;370
3098;170
4289;425
1336;324
1707;139
4266;301
570;238
2247;335
1501;254
1651;158
9546;149
10476;451
4196;216
1562;328
1379;428
808;60
4663;388
5366;431
2946;142
423;419
5133;458
199;372
2570;476
4802;314
2389;172
3504;112
7291;441
4221;288
2967;318
4362;13
4088;90
4979;430
663;69
488;314
1074;148
2862;94
52;316
4633;116
3605;354
1613;407
11063;477
973;90
3354;23
4073;294
959;70
3054;216
1133;297
3797;116
1841;342
2840;122
2954;93
2375;146
1286;393
47;399
99;431
458;344
1141;174
3883;360
3524;147
1191;159
2640;41
1770;101
4549;91
8342;234
3976;146
4570;95
3176;150
1010;68
13968;378
3310;337
2094;602
2037;129
4242;449
4360;216
4204;303
527;424
11131;206
4806;113
1278;350
6604;331
1637;146
1387;381
10528;296
4721;408
897;403
3633;388
873;223
4279;379
8200;256
3372;157
9451;161
633;162
3196;186
3149;347
1592;298
3068;378
7765;244
3855;196
4877;223
2479;108
2048;85
3296;153
2554;320
2118;96
3285;167
4280;140
2098;77
1254;170
1901;308
3340;228
12802;208
1749;270
4796;286
1974;177
1354;311
4557;220
2438;465
174;122
4928;105
206;144
772;58
2300;159
3955;383
619;173
168;66
2002;333
2365;74
921;121
4159;109
453;163
4201;227
3274;281
2835;193
2371;90
3213;116
9833;346
5010;94
364;368
3549;76
4919;226
5028;359
11713;196
2935;476
11609;83
4345;152
1845;149
3139;195
3693;184
8356;108
3482;396
2929;288
4036;174
4239;140
2690;55
1868;142
3042;194
548;387
866;98
326;258
1161;142
9946;416
1899;110
130;241
4364;475
2694;163
1253;242
3912;193
535;165
1786;115
1689;207
3518;334
3000;60
558;83
4696;145
2933;315
1272;238
1448;127
2971;297
4312;105
1908;349
3576;422
1175;116
207;153
4006;53
2179;128
455;147
3151;145
1444;194
2335;130
3170;291
4579;196
1308;144
11886;481
341;113
3460;222
753;366
4113;380
7753;431
2165;389
4599;33
4781;88
329;133
3579;100
1490;341
3757;309
537;394
3202;272
1705;182
10288;525
1172;239
452;254
4596;23
4385;428
2810;256
55;565
5827;301
1210;613
2519;235
4346;71
1489;328
2293;89
4915;321
891;296
4505;181
1078;181
2728;345
1149;269
507;56
545;110
3894;324
8393;161
3538;180
2497;216
2410;303
3262;49
2233;100
2344;358
688;89
3456;98
3273;359
2246;399
3109;197
1426;268
10274;163
1955;160
190;260
5212;274
44;388
2370;480
2672;77
7366;103
12490;99
176;305
830;160
4822;493
3756;78
531;447
4051;139
963;214
2202;298
3375;132
1723;302
2788;130
4029;97
1209;420
3397;493
3398;493
3870;373
965;112
3001;534
3256;37
1244;171
4507;318
6892;99
1886;109
2413;255
2259;275
4398;158
3099;445
9776;203
2175;83
3253;366
3851;105
4090;42
1561;328
2589;107
6749;299
616;138
8489;139
4434;299
11686;200
7594;280
2212;397
665;337
865;309
3815;158
10517;185
150;150
9458;171
4581;143
6383;93
5175;355
269;122
4209;223
2225;390
4707;271
277;251
2681;168
2606;274
2433;206
3059;417
2804;77
12739;260
3869;171
3598;293
11662;454
1225;103
833;174
4715;556
1581;269
11123;189
1881;98
3064;294
1867;296
10276;535
9760;286
2434;164
2549;168
1353;412
4611;236
624;323
2526;136
6499;427
1555;393
1484;105
1774;167
3146;111
3206;115
3029;158
4722;94
12376;232
1309;105
2556;167
3991;80
10;254
3023;340
420;316
12079;407
3075;249
9173;478
4499;201
10389;392
2103;161
603;233
2104;116
2063;213
2332;167
2941;371
4755;154
4250;200
5374;113
2150;132
546;254
3108;397
4801;304
3432;304
362;52
1481;226
2218;370
2314;224
11381;218
3428;209
3481;67
2569;476
13556;181
1401;369
10041;392
2602;309
1020;229
4082;130
1614;279
411;188
3418;108
4657;356
2585;89
4413;346
4396;327
630;308
2338;447
6895;355
4234;117
4103;113
11857;276
4027;132
4460;64
706;508
13;156
676;356
3562;317
1151;160
4753;121
4153;165
6610;283
9316;386
4853;144
2232;100
2486;134
1273;39
157;212
1255;256
1335;324
2963;315
7959;224
12755;487
4522;146
2656;117
5358;151
94;176
175;204
5753;187
3173;132
1776;278
4886;349
791;233
353;169
2406;185
2310;292
8130;288
2983;469
2707;180
1548;207
2414;280
4496;245
7914;438
10778;203
2146;347
1990;292
3591;346
499;138
3404;349
1662;166
3977;232
1928;375
9433;274
254;86
2874;485
2972;67
5127;310
4442;299
828;150
2780;66
3380;100
1970;385
2456;334
1409;189
2271;85
2678;160
4065;276
4649;118
1218;160
1224;223
2677;160
2040;350
57;151
13290;114
3199;188
12432;499
45;130
1844;149
332;208
9616;437
613;456
2161;357
1445;380
3898;329
3863;299
12850;205
2016;145
2812;153
2436;87
1412;26
3570;93
862;357
886;512
3996;124
3884;81
4580;158
1601;152
1235;30
2683;56
13246;104
3584;309
1041;86
12144;465
1624;105
1518;153
1192;263
1958;195
626;334
468;56
3716;288
87;366
434;178
5642;294
13190;333
890;288
2784;15
4476;247
1729;395
2942;331
4786;189
1931;120
541;276
5072;99
10145;459
3978;384
2111;87
3662;343
878;190
4358;397
4341;65
12163;489
3733;340
2739;162
4942;271
2791;229
6367;462
4882;137
2889;416
4814;195
10077;331
4235;221
1926;96
3927;203
3395;230
250;481
310;167
3636;109
379;141
1109;140
4104;159
2580;63
3541;655
1045;83
4080;369
184;196
13044;180
1482;59
4199;278
2504;149
1794;348
3358;269
1062;386
2532;115
4833;157
813;62
2630;99
3682;225
9930;289
3405;411
3801;161
3936;222
4429;435
1213;252
2013;203
2774;134
3080;239
1536;327
917;390
3630;240
556;356
2752;65
1455;257
4582;148
1070;128
3509;301
3226;345
712;233
3999;362
3137;24
1696;353
4198;278
16;106
742;161
2977;128
5469;48
3315;144
1475;367
13955;304
1143;437
3272;359
276;251
4300;144
298;46
4373;164
2709;255
1486;327
2604;50
188;49
1371;63
4414;152
2676;65
3352;67
2319;486
4267;281
5308;151
1954;216
4642;443
2131;207
3572;302
565;438
4323;226
1269;79
2396;241
2795;203
3771;187
4389;314
1375;349
2811;97
7325;202
9202;274
1721;308
3672;223
2823;329
3860;189
2776;354
10350;423
4667;158
3527;238
4652;173
4013;175
4575;206
2091;99
2741;111
1607;168
1030;332
503;186
5788;197
4125;130
1152;321
3172;364
2845;105
3194;212
1782;313
1307;249
2174;120
4237;301
2463;217
163;152
1576;292
4247;115
1106;207
2841;199
5189;38
3676;398
2206;297
1697;589
2351;143
4961;216
7311;391
10382;532
2603;333
2426;165
2437;102
1079;225
2571;75
1383;62
4752;121
912;183
1874;429
5699;111
4140;296
2826;80
2766;144
2077;115
3789;441
3674;122
2798;59
733;69
502;162
632;162
5367;431
4458;432
3321;295
1232;86
2612;102
1959;60
2250;114
4576;398
1863;76
981;361
1657;215
7723;264
2616;82
4968;142
1964;213
1769;101
2794;203
227;322
4404;377
4640;287
5137;126
3336;462
1827;379
1257;344
1665;167
4395;196
10303;138
1446;100
1384;250
1267;101
2860;291
3868;195
3882;57
10654;103
1884;111
1114;372
7567;198
4992;61
11598;128
4621;665
381;142
1243;199
147;334
6616;403
164;181
948;162
839;347
4472;280
1017;137
11362;100
1835;93
4286;445
2611;200
790;150
2148;330
7327;107
2719;408
3503;134
6001;210
1216;412
4319;437
935;77
1820;131
4116;337
3348;241
3353;67
1439;324
3415;157
2843;400
8692;271
185;336
13098;149
3718;82
4694;146
4713;120
1200;78
13261;286
1976;325
2178;76
4173;161
2145;209
2599;225
1402;102
2747;357
1585;194
4677;152
230;385
2374;109
4697;225
533;80
280;61
840;357
439;468
1316;247
3323;175
3951;327
1051;150
4571;251
931;129
345;203
4275;323
2899;266
4368;258
4811;122
9914;108
4139;562
1557;353
3465;371
2581;204
4450;112
3791;315
2116;165
2467;171
2044;304
4190;261
10988;141
4161;311
167;98
6034;308
936;77
2160;73
3761;114
729;361
3082;390
738;89
3847;124
3655;383
1027;215
1527;159
5579;133
6122;299
1571;199
1951;138
3056;133
5978;154
1247;420
2994;439
3079;310
1802;324
38;281
2152;377
2328;296
941;372
3240;108
2435;130
8667;296
3899;145
1443;194
744;35
3438;167
25;303
1506;221
1315;108
1348;405
2369;255
3498;384
373;345
2600;128
1465;148
3508;301
4348;233
1201;148
2122;490
8615;379
11286;190
5618;188
11105;267
12051;376
2143;448
6318;454
144;245
858;250
3431;378
4055;230
1714;346
2679;384
2748;357
985;214
3743;491
1963;119
12485;157
2998;168
4480;13
4610;260
4288;177
3332;144
3846;349
471;273
2356;270
4353;442
398;85
3270;167
1558;317
2574;294
3873;195
3065;105
9872;214
3751;59
3232;213
3918;158
3306;352
3319;364
1162;253
3965;69
2944;61
4771;435
4454;416
592;284
3533;385
3673;406
1672;287
526;424
952;92
623;323
1478;302
6511;196
4143;81
1126;45
9641;355
794;258
1969;191
654;412
3857;169
1622;87
7102;80
4625;330
4488;189
2771;121
3455;366
6924;168
2912;304
500;193
217;76
1430;70
1640;346
950;497
2302;371
12616;158
1768;353
5736;112
116;274
405;201
781;388
3430;567
4134;375
4743;153
3787;212
3492;202
4274;102
11804;457
3132;246
237;114
550;239
11093;433
3439;81
1295;374
6178;453
5487;176
6342;138
3602;303
4751;224
2934;315
11195;580
2270;85
4393;47
3990;325
563;85
4334;187
3664;55
7339;128
3077;335
2255;182
4124;126
3779;321
3516;187
4339;155
1838;274
253;186
222;9
720;326
3588;228
8510;104
2042;181
339;145
1525;116
618;211
5928;464
12;361
5801;175
1083;296
3754;107
2785;214
2796;230
1350;120
996;121
3024;170
191;260
5526;194
3749;101
260;46
2189;64
2558;176
2517;153
3073;192
2173;249
1800;244
1873;451
4079;201
2542;393
151;335
661;353
4734;254
489;312
598;309
4387;202
4527;320
5461;85
809;199
3357;163
5539;344
984;214
2216;464
3227;101
2429;450
4737;159
1047;16
3155;124
262;245
3166;199
3448;123
1324;189
3198;416
2295;315
553;258
2524;95
2296;315
2054;207
483;157
1791;145
3145;298
5859;232
2545;201
2988;198
8432;283
1207;162
1304;183
1496;71
938;476
1259;69
2714;541
13640;149
1793;162
986;244
2058;459
12756;352
3268;157
2108;206
3399;323
836;399
1099;87
2201;298
309;206
3546;199
4355;67
3207;119
2772;121
1135;278
4376;284
4531;230
1526;116
4595;91
11130;206
1915;216
4195;144
1032;283
2090;94
2633;401
1056;192
446;210
3325;213
9670;591
3952;219
3337;180
2026;134
1365;210
4094;262
1556;468
3597;51
2943;206
3386;365
4024;164
584;185
4478;402
13260;373
2385;204
3727;55
2113;218
146;110
3148;347
1911;231
1530;386
9915;403
1938;239
7186;112
6469;267
2496;129
11860;414
3506;104
11947;483
628;225
1609;175
4457;176
10355;267
5128;340
3770;333
3084;384
3512;191
4949;244
4659;251
11304;151
1334;164
1013;186
1888;108
1635;196
807;18
1598;374
2263;313
2421;70
9834;346
8362;169
933;222
183;196
171;349
2303;278
187;205
7772;145
2390;441
1428;85
4418;63
4511;353
11314;605
3106;114
13658;492
1783;197
980;493
6422;152
749;404
3773;117
13291;114
2821;276
3360;215
1416;111
98;431
4539;266
3947;96
3607;359
4929;145
6067;185
2547;129
3670;269
1519;153
1488;165
697;62
3153;357
107;457
110;143
892;364
3248;170
3003;302
4466;369
554;394
5701;353
372;112
6468;231
785;241
824;191
3958;215
4699;108
1076;215
2805;536
928;233
12810;322
3622;137
2183;266
31;274
2731;339
4792;190
2336;302
3748;351
797;234
815;120
2626;442
4071;441
5283;316
2705;167
2337;302
4941;46
2646;340
100;211
4615;112
4741;153
2775;320
2902;99
2831;303
1616;239
3892;354
1816;132
7614;68
2330;172
2803;77
4407;299
2325;112
1887;123
4495;241
1834;93
4186;94
2631;54
3351;59
3228;402
3437;105
4490;63
2481;266
1865;199
4712;173
905;83
1261;421
1453;410
286;26
3048;148
1092;353
2900;57
5574;167
3305;408
2875;116
876;413
120;248
4624;330
3864;299
3433;370
4053;169
3699;152
78;382
3984;155
208;378
2106;95
1288;337
3193;427
6257;154
5246;408
669;85
12561;234
118;106
257;90
2745;277
4226;160
1000;318
4664;111
1540;551
1541;551
4550;172
2516;234
1668;600
7348;220
517;234
3926;372
2667;90
3010;382
653;282
1187;259
3026;179
3366;269
256;235
2952;189
1408;424
1023;136
3420;84
10269;422
11275;288
4720;227
2817;139
347;174
3246;103
1890;293
2051;319
1331;91
4641;443
2049;355
8636;87
3896;396
23;54
3623;317
4231;261
2635;471
41;344
128;282
2502;326
1685;441
837;142
1924;317
3945;563
2287;174
1878;206
12464;399
2520;380
3164;179
3881;57
3975;366
3081;239
3022;370
606;331
1107;128
4327;150
6040;253
3294;107
2391;423
5468;119
4602;560
1344;360
1961;358
9987;232
4394;323
12221;249
1762;434
4331;154
1966;210
3658;310
7576;398
93;104
2468;186
4689;194
4493;239
369;166
3495;13
3763;439
3880;95
1397;322
12133;251
4533;109
5200;415
1461;147
6906;70
914;359
2867;128
3185;405
1441;127
1693;249
3925;83
9715;579
11064;477
3094;272
3497;188
270;439
271;439
189;93
5333;335
3806;380
3818;114
3122;113
754;426
1917;339
1140;92
2910;192
1606;268
4824;84
1068;304
92;388
1262;296
2523;128
4406;251
4108;92
2922;420
6545;480
3887;82
834;62
231;106
958;39
2680;384
1410;54
4017;377
1183;599
6551;458
739;182
2553;88
555;394
4927;28
2082;52
8738;187
2023;129
4733;301
566;360
2813;321
1507;221
9450;161
170;241
393;399
593;471
3792;430
1980;275
3062;252
1390;49
3502;134
4742;153
1174;279
1169;93
2528;150
2358;248
1289;148
84;496
3374;292
236;114
3387;214
3768;206
646;108
1780;356
774;105
1896;203
1042;166
3644;433
9845;406
289;569
2508;104
776;105
3803;313
713;159
2471;282
2264;73
485;441
2318;267
2474;407
2868;118
3091;101
5684;153
1009;68
6987;303
1440;332
384;223
3214;257
10564;543
3037;135
4468;82
1392;310
165;24
3458;457
2949;73
1299;133
955;130
3969;158
1328;354
6501;353
4509;154
2583;60
3014;317
2291;249
1521;137
2568;295
2733;119
1979;228
1675;168
10492;135
4136;270
6235;104
2142;448
1049;145
3385;118
473;192
3284;167
3957;425
2727;140
1330;238
2430;128
83;496
4492;53
3434;370
4001;459
2192;459
355;93
2848;101
3045;522
1292;372
3051;324
3782;395
4455;175
10075;220
3479;80
1849;139
3163;179
6391;130
1142;437
3796;116
2937;348
337;391
3371;45
196;286
3464;222
1522;262
6301;637
4057;293
3594;161
4066;193
3983;277
13687;416
8089;222
155;67
788;441
2846;258
2989;199
29;370
2443;446
703;20
3802;158
4542;109
2423;355
724;112
3583;309
974;90
3078;335
73;129
1508;339
5213;342
686;439
478;596
2699;420
970;192
3;478
432;364
1012;186
113;217
1569;444
4015;187
4823;407
4269;113
2759;147
3346;376
1298;103
1988;223
139;178
4469;186
2126;147
2100;342
3087;54
4791;424
2188;349
3544;152
2654;232
1814;334
2380;221
1589;324
5326;463
4054;379
4310;189
258;90
787;152
2309;206
11874;143
4305;160
1427;299
4587;220
8764;190
3105;419
3191;555
2282;88
597;396
2814;330
2991;268
6844;199
13346;158
2671;163
2642;88
4748;163
3126;158
11517;230
3181;183
5240;129
3691;434
1457;172
3279;225
964;123
10475;451
4363;13
441;336
1303;80
1962;133
2596;428
3314;144
528;30
4608;277
726;212
4018;77
3446;25
3653;134
12308;73
11714;196
408;458
1579;324
4397;327
2097;77
520;315
1193;329
3044;191
3264;440
3195;546
1494;185
1082;306
4160;181
3036;232
2947;68
1940;118
3117;115
2123;135
4330;138
1022;212
2779;66
908;12
1809;113
4756;253
4009;389
11638;214
11208;403
4021;438
1663;358
11574;431
5243;353
2957;27
126;385
2981;400
4273;123
1676;106
1772;202
1633;80
3939;143
10511;527
6546;516
9844;406
26;116
3329;140
3536;276
2802;112
1131;246
3997;223
2340;194
1671;287
2668;90
3208;64
4670;247
2221;360
736;134
4405;391
889;309
4639;167
4019;66
4232;127
1644;211
2925;279
228;403
4498;201
3560;145
89;215
4314;283
1734;12
2169;74
2102;176
4944;270
6;186
3049;480
4436;189
3046;238
12695;441
1916;171
3758;391
385;11
4126;529
2666;247
3995;177
4635;328
2936;228
2041;123
2657;245
1351;120
4187;288
2304;278
5312;327
4318;437
1147;147
2787;134
5860;275
678;162
4680;438
344;91
1871;182
3608;168
2038;479
2844;247
3963;75
2297;185
1391;326
1165;115
12586;291
2976;154
3469;173
2566;470
2864;72
3917;231
4779;102
1656;125
1625;105
2500;414
464;88
2485;209
4184;19
2782;363
3921;137
9642;355
8013;430
5364;187
1038;413
2198;61
976;392
10714;162
2269;286
3915;377
3667;464
1066;444
2927;70
2735;265
4643;115
4349;143
1688;270
11114;263
491;154
2237;88
4739;240
2869;164
456;265
1456;172
3746;86
4238;400
4773;153
6552;156
412;188
4754;199
95;176
4311;65
1817;357
103;410
10199;425
4427;193
2629;65
40;180
2507;490
1231;86
9555;97
9929;168
3943;378
11710;167
1028;215
1138;410
1828;157
3103;375
2416;127
3734;391
4746;324
993;179
3141;138
1900;308
2084;281
5365;187
1567;112
241;105
4400;455
2806;152
4452;82
115;661
3766;160
82;245
2215;313
4483;335
4120;301
9217;130
4494;198
3755;44
11685;302
1879;136
8091;479
3690;39
3222;100
1370;266
4193;98
450;365
3840;114
679;88
3735;185
2736;281
4424;61
1479;125
4772;162
4185;226
3017;254
8096;180
4727;293
382;142
4096;130
1923;105
3245;151
4298;54
9346;431
4299;200
1680;243
860;391
2836;137
4574;119
10287;525
3835;300
3269;157
3862;459
11319;277
12102;547
2132;207
153;399
8392;161
4294;569
3289;253
4799;470
4750;384
1274;61
3505;26
547;235
1534;164
2529;160
4064;369
1048;240
777;105
3123;78
3841;96
322;211
2865;62
3426;198
1727;101
2238;88
4536;391
4993;185
6936;315
5409;387
3150;113
715;348
3231;547
3308;315
4907;154
893;64
2724;350
2777;139
149;70
4700;306
3730;200
1937;125
899;165
11250;214
1024;115
4025;164
13380;363
2492;67
105;140
5245;143
2021;321
3948;55
1168;347
4211;310
3694;184
3632;600
3972;70
4219;217
571;78
5313;327
1801;324
1666;122
2559;108
7234;304
4047;107
5214;250
4350;143
3956;425
4481;20
11271;72
2740;186
4774;47
5606;269
3934;279
2440;361
7678;282
1690;196
5254;208
3425;310
1929;180
2458;610
3345;376
1463;169
2095;83
127;59
5241;354
2476;153
1516;409
371;112
386;111
1036;117
2235;462
4277;128
3293;184
4386;280
705;28
3514;319
49;71
2978;397
3209;64
2030;186
2124;148
2920;376
10090;259
5704;93
431;219
6255;74
1743;274
1115;120
689;370
5402;326
2208;238
3932;188
1075;416
3784;225
1949;169
3710;324
2154;186
5163;100
9582;169
696;161
4410;118
3776;107
2065;201
1166;200
3635;146
4292;114
4543;230
2916;257
1712;511
1333;227
942;141
4222;126
2620;145
3477;267
4906;154
5379;86
3133;130
4800;470
2911;304
278;227
2905;116
2961;68
1002;142
1154;153
4072;441
6115;333
1125;45
3989;213
4776;109
205;210
4672;73
4690;387
4818;89
581;68
13071;304
2789;299
4736;407
1706;182
1497;202
2139;139
387;361
823;506
3107;397
323;211
961;240
1910;189
4215;469
4638;319
1735;12
1943;317
13820;170
4862;358
419;115
4402;341
1483;105
6452;298
4179;231
2180;206
11794;421
5911;410
2149;313
3646;139
2031;292
459;248
3582;168
1429;85
2224;52
11978;346
1215;323
30;140
1314;139
3466;251
2447;195
3615;220
3478;80
3988;213
3288;71
406;199
2281;360
2572;123
4278;95
4717;40
5362;75
2669;140
2164;389
1535;260
1836;540
1459;74
2913;331
7814;381
2156;507
1510;206
12840;189
13548;499
160;113
3807;201
1679;43
2017;145
1882;98
1089;270
8;246
1747;161
1277;65
1367;166
4863;365
6753;291
1452;348
4271;320
1605;189
692;358
3449;172
951;497
2773;134
1722;217
9274;415
4693;146
2903;99
85;242
2231;102
3663;55
2765;130
2000;71
3548;569
4430;435
2035;347
4562;226
8677;401
1476;190
3283;178
2573;99
5323;368
4175;226
3729;93
1058;79
1833;553
4438;125
2691;343
6789;565
6015;227
4158;109
3760;236
4107;164
1893;272
9403;323
4606;358
3980;374
4146;129
1550;92
140;178
4446;335
12324;326
1433;404
131;113
17;75
8074;188
2441;287
3511;246
640;199
1860;450
492;111
5433;293
1064;436
6359;273
3021;370
4309;402
2906;140
1580;346
7195;628
3020;115
525;191
7324;126
1904;144
3182;105
904;247
10023;263
3160;154
2075;89
2280;319
4257;223
799;276
3295;271
1942;326
967;251
1087;488
9606;327
201;119
2163;119
8611;567
2809;460
604;68
1110;159
4075;309
4666;422
2797;70
3535;53
4099;212
2217;464
1167;200
1771;106
3540;655
3713;156
4535;298
9313;175
3330;140
4959;317
3603;138
3585;43
4785;176
5217;61
1883;337
4551;359
2859;99
3689;337
1922;143
4191;220
2060;209
2870;358
530;147
3780;114
11126;611
3157;376
4121;148
4290;276
102;410
4301;118
4711;94
7843;177
474;295
2491;67
1396;204
1831;335
4169;145
2348;97
1422;106
2204;95
2004;276
3659;113
4763;523
2982;469
2682;168
319;149
2582;102
3069;489
709;59
4285;204
1069;128
1105;207
4605;177
4022;88
2851;165
4735;254
5247;270
4202;227
5013;368
1621;64
4422;430
1449;520
4070;218
297;46
3018;98
4655;124
292;190
233;123
4559;375
2726;140
1830;176
7864;184
1842;245
3304;170
1513;268
6798;313
1700;559
3097;80
2513;339
1245;247
3817;410
1326;308
1116;111
3628;141
3471;173
7435;111
1499;230
728;208
4076;316
1864;199
3165;367
285;26
3643;194
4683;90
4660;61
1018;375
7727;287
11267;174
3258;505
247;71
3190;88
3500;398
4322;190
576;282
5249;133
3704;331
1077;191
968;286
3178;232
5138;295
2609;146
6804;326
11755;177
1291;335
13803;173
4002;286
12095;406
12851;205
6698;369
2452;104
3612;525
1702;191
1181;147
2577;160
1983;109
1763;17
3657;148
81;245
687;439
48;366
1914;216
2083;83
259;46
4367;110
1186;163
1212;131
10095;423
159;198
2186;386
3320;364
1531;381
2125;38
5460;267
992;218
5111;362
4545;162
4618;218
4654;124
1034;162
3235;249
1813;407
1406;415
1313;139
838;142
4528;246
6042;254
4679;566
1944;499
567;360
9945;416
3201;148
3634;146
849;30
10828;191
5159;236
1368;166
2546;180
4049;277
2401;128
79;424
5774;84
3041;374
13172;249
5050;316
2855;102
3012;22
186;316
2663;422
3383;432
2565;309
1824;288
2260;143
1529;231
3671;223
3030;490
3341;228
2331;98
3219;402
13750;339
1085;271
5253;208
4230;181
1778;40
1;239
2228;394
561;415
11122;384
20;365
4218;36
4518;476
9370;224
2345;450
1376;381
4048;123
1948;169
2061;106
1843;208
2219;370
4725;66
3677;398
3543;473
2024;93
4477;402
3342;326
3423;46
2996;39
3686;305
1403;102
6619;371
3116;422
1160;140
2652;238
12890;193
4831;33
13886;563
3785;338
4440;373
2891;101
2064;405
4747;163
552;258
3488;328
2853;367
2662;74
395;104
2298;185
4332;161
5223;109
275;89
3461;243
3462;243
13448;428
5232;245
3510;170
1067;385
2320;173
752;366
1086;488
1912;310
1998;97
225;96
13751;339
235;164
39;383
4254;33
9340;220
2828;83
1720;308
746;191
1993;528
4674;133
3839;41
426;107
557;256
2659;90
3528;61
1094;64
13998;253
844;479
3890;279
1810;411
417;393
4084;330
2130;199
1511;240
2039;153
4171;225
1795;169
2001;90
4439;369
3613;525
2316;216
3567;181
1025;358
4321;190
587;31
4592;145
2286;100
4770;354
2551;152
1197;105
3292;256
9276;230
508;245
2880;113
4423;307
3211;387
6946;243
6275;130
264;255
662;154
4152;77
469;263
3260;210
2411;303
3938;94
2196;140
767;56
1618;376
11596;269
1279;165
3136;263
2029;416
4069;218
13845;484
529;154
5180;83
1586;194
608;249
4629;297
674;137
3326;239
2194;228
2704;180
3611;167
2153;103
2;478
5143;141
1781;172
2655;129
6144;337
3979;259
1629;420
3992;87
898;165
119;106
3412;331
2543;393
2193;459
12599;133
