158;2631765.3
135;886749.7
3382;4512295.4
9370;1533861.9
10287;3149327.5
2174;291589.2
1285;1129543.2
2978;3270608.5
3032;1636940.1
3670;2609156.3
9987;2388649.7
889;987478.3
3346;2718795.6
255;7632943.4
3360;540758.5
972;342540.7
1660;1164844.7
508;2788856.3
852;485179.7
1705;2734783.6
1372;175477.7
3247;108368.2
461;1176374.6
5531;518636.9
3274;696881.5
932;1391511.1
1092;512748.8
1484;1528260.4
405;518222.9
3392;550840.4
7862;1855254.6
6115;2458669.2
5241;3270163.2
1696;855701.8
2037;490606.6
3059;846429.3
12383;1804759.2
4171;452006.4
1731;1018229.4
4001;2028015.0
1756;95749.3
2748;1366438.0
3465;3137489.3
2708;1450464.9
9718;3537935.4
2265;1952018.2
519;1027439.2
1470;1713532.8
2837;361113.7
2779;650360.0
2469;1349698.9
2917;718949.1
1964;480108.0
42;4350681.5
3627;702050.0
366;857836.9
3760;1707806.2
1891;345134.3
305;1721152.7
76;1364849.1
4323;488424.9
5246;1022453.8
2345;1321271.5
652;2803437.7
9217;695028.2
4925;2034477.0
3044;1771676.5
1806;2087699.2
424;4140729.9
2056;1164190.3
3610;608359.9
1195;3084869.2
2964;1003732.4
4661;506656.3
11875;2066188.3
946;3981954.3
3847;887134.1
1892;450575.7
3501;1859077.5
178;443103.7
287;327206.9
3800;720190.3
3596;602469.7
3265;89600.0
1831;4932848.3
231;1955973.9
3678;190156.7
2508;502990.5
13608;2407882.8
3107;4201801.0
3124;2311601.9
9362;304030.2
1720;708853.0
13915;2518593.1
4422;1101360.5
2981;2148640.9
1403;605587.1
3456;1357391.1
1558;727453.9
1574;475917.5
2972;127307.5
1959;179624.2
7727;2143772.1
3483;1397313.0
1229;109707.0
44;2797073.2
927;2055604.0
379;564556.9
4092;440665.7
414;3262002.8
864;411490.2
3069;891579.5
116;1344570.4
1613;3311875.6
359;588847.7
1231;575432.4
2613;1755582.1
2886;2683633.6
4423;587462.7
4750;1183619.6
2024;208268.9
11371;1485733.6
3667;6433486.8
48;910446.9
361;377907.2
12181;2041436.2
1103;943529.6
161;235735.5
172;630967.4
2988;254981.4
3709;324605.0
1768;2156768.0
2453;669243.3
4491;554021.2
3980;1532621.0
3532;1151331.3
13;1048982.1
3629;1532988.6
10041;4969040.6
4764;356500.9
2445;1246313.6
3086;2889237.0
11596;3267656.2
13751;4631269.6
297;94886.3
3461;1064329.1
3136;4074899.2
4755;186837.1
1734;40927.0
4421;73700.0
12344;2942058.5
1346;845428.6
4575;1344471.8
13924;1611934.0
1111;615946.4
26;156751.1
2181;4930930.5
4018;234167.8
2323;297473.1
1364;383600.0
1289;1412571.4
2472;194933.6
1663;2481662.9
2631;426157.4
39;5817879.5
1721;708853.0
298;94886.3
3131;191220.8
3134;2734425.7
2755;754554.0
1057;1500377.4
1900;1215482.5
1335;3050575.5
1945;2280981.6
1259;104695.4
4179;412040.5
4916;5110839.7
458;4170867.1
3868;1291679.9
742;1453305.9
2027;278593.1
2980;213302.8
4287;1098392.2
3966;172287.8
2063;1510355.1
6619;2750821.0
2385;448297.9
3414;2104110.2
7765;2735260.5
1680;2547089.4
7787;362048.2
4051;508734.1
4389;789890.6
3038;1853760.3
1825;210755.2
639;234459.1
372;220283.9
8030;2109551.6
5354;368047.6
1832;1841829.1
1106;686270.9
2623;3535392.3
11755;2205474.3
1701;3684631.5
2668;271589.1
4072;3441779.8
3703;127717.4
3745;2959114.2
1180;2707907.7
1394;1446671.5
3599;593109.1
1897;902173.6
3771;1183433.9
5132;2499077.7
6349;3841377.7
3340;1347581.9
4121;326041.4
1765;3966693.0
2081;1021896.1
810;1098253.7
4515;168287.9
4034;2482358.9
1567;222909.7
2746;2337697.0
2109;166261.0
958;71548.7
12328;1353130.8
2709;1394394.4
4275;437053.5
1509;1832889.1
5030;461352.5
1724;772945.6
608;1050110.2
2744;1017732.6
3453;901448.9
2102;1601835.5
3006;1414901.7
3587;1480626.6
3674;177579.5
3096;489436.3
4040;480436.1
4210;395937.6
320;355548.1
2114;542618.0
1661;387363.3
3822;1583939.3
2604;119851.6
4226;456838.6
2079;487769.9
2271;403472.8
457;4329990.5
2491;217839.2
4535;559774.8
10987;349182.7
1875;443184.8
2025;507818.7
959;140654.7
5579;1197197.5
2402;655384.4
1903;480957.2
3802;395465.7
2327;305751.0
1817;1005051.9
2113;1942032.3
3959;1667458.5
5347;4996514.5
2958;1725949.5
2343;172293.9
467;599669.4
836;3306234.6
2673;3462100.0
1327;3745497.9
4726;499484.8
2172;719576.3
3533;1070733.0
4617;627765.6
3910;242822.3
3444;64405.3
3529;825219.8
1782;1559965.4
5642;1976110.7
968;1607990.3
579;379679.0
1427;4467812.0
1010;124027.6
4112;677679.4
6144;559506.7
871;759519.1
3133;899340.8
1467;207591.5
702;218711.1
227;566899.1
3756;921511.3
12417;4944835.6
110;488768.1
3947;916749.6
215;2925160.5
2117;1932190.0
4583;627712.3
5117;1859652.7
1598;575760.5
1953;3878073.4
4761;1093980.6
3763;4952123.3
4601;2762331.2
1899;709300.1
10040;4969040.6
1527;427181.4
777;562061.8
621;3232134.6
8362;1459570.6
2940;798622.0
665;656283.5
3786;345487.0
13998;2623161.9
2179;268084.5
2754;371779.4
3174;1076172.1
2731;670518.3
1359;7386440.3
5204;6513937.4
2671;1662522.0
2907;295058.1
1681;1473069.5
4455;776409.1
2228;3169333.0
2968;3887111.0
3995;1590647.4
4541;144330.6
2923;234727.1
4106;403514.1
2493;2022231.4
420;496620.7
4653;1364910.3
7796;2125927.9
880;3936514.1
5243;3444481.0
1089;2233567.0
1468;289887.1
5180;484693.2
6827;1748848.0
518;95037.4
1161;1076649.7
11130;1189610.6
1258;814727.0
841;861547.6
143;3118505.4
2804;152425.4
1064;2152057.0
4241;2869101.8
1547;142877.3
2913;3164103.9
2606;2428075.6
786;3524560.5
4492;315735.7
390;297215.6
4837;4182710.2
113;2284009.9
1727;726652.5
70;476882.4
3253;2803620.2
4373;732127.8
10276;1903252.8
2335;268552.0
3894;2850307.9
1457;402165.9
2133;322307.3
18;210658.0
2992;246315.4
3095;777709.4
1871;503444.0
3764;4952123.3
592;2121899.4
2286;500252.4
2599;298160.6
3219;401171.3
4721;3451186.3
3170;481661.5
4118;2863010.5
2922;6129749.1
4500;493636.4
3090;1089121.9
3199;1297064.2
3936;730490.3
4810;350692.2
4524;1974255.9
604;132647.7
3550;3030725.3
123;1779194.6
1737;1209909.1
3998;1686099.6
601;2040845.3
3476;2564400.7
974;1105973.3
11732;1599936.0
1974;380597.7
1133;4320947.6
10200;3338555.9
11979;2154919.3
2263;695218.0
1356;218887.8
1410;404932.5
233;563428.6
1032;563337.1
3939;570309.0
3108;4201801.0
84;2700153.5
4590;569944.5
11857;2724423.2
2297;2612003.6
1576;724277.1
8276;1953207.3
9880;2959167.6
3925;230518.2
3854;746946.5
314;812542.4
2699;5572379.4
1134;4320947.6
1332;1504416.1
5056;5112269.7
678;360532.7
1461;1344454.6
456;2408335.8
4108;216602.4
1042;215131.3
4262;415898.8
12755;2370527.6
6978;1367245.1
1392;699105.2
2325;427949.2
4481;59200.0
1227;3370389.8
4692;413154.4
2546;736762.6
11866;3544495.1
3957;420139.5
2840;327894.2
1630;3061406.2
532;5868731.4
12851;1598378.3
4550;797362.7
2163;224690.4
10798;4200596.2
1505;4975398.0
1197;1298783.2
2875;371643.1
2470;2150444.7
4310;448409.0
729;311146.4
399;2296047.4
1671;496995.2
2815;523123.8
2075;220233.5
294;4929518.0
9715;5430338.7
230;1735402.1
2437;1516887.4
1932;810549.9
2490;1363946.3
616;720362.2
1923;768338.6
2500;688357.3
3575;265808.5
1632;147262.1
3043;2206619.6
732;2914210.5
3922;834071.4
3010;1425163.7
2912;765946.2
1416;231291.5
3983;565851.8
5213;1061888.3
1719;526530.1
9929;1331556.9
2916;266754.9
2855;143883.2
12145;3389865.3
3163;1011290.6
4591;511563.9
1434;458547.9
2559;137803.4
4280;1057900.4
3979;552818.6
6196;1959737.3
3857;583394.1
3323;553583.5
3470;492254.4
2407;390081.3
4017;2987853.7
4542;1224701.8
1252;790621.4
2585;866812.8
12850;1598378.3
4454;2589877.1
1565;1504714.0
2254;600847.7
4306;338116.6
4751;1726211.7
4678;549726.2
2603;1049923.9
2773;373501.7
3479;239547.0
863;572309.4
12051;3788652.8
1616;1250904.5
5385;1066411.0
13451;6605909.7
2399;70924.5
3387;2811384.0
6922;3016492.1
3128;1701272.4
3077;752174.7
3466;520778.9
4184;56400.0
2123;300640.3
3315;349537.3
2156;3334743.9
2449;175145.2
2321;1843793.1
2841;2359485.8
1728;726652.5
2070;2058274.4
1412;176847.7
13102;2778815.3
3556;337781.3
4091;175464.7
1846;208811.4
14;260232.1
1269;682279.0
3899;323189.4
759;184379.1
2371;458789.4
808;416282.2
4256;395464.3
2527;1191427.1
619;454939.2
1845;290336.8
1488;231111.1
433;1109503.2
2354;2788914.7
4581;1374663.9
4521;411287.9
4036;1064962.2
2851;383221.9
2589;986517.2
3068;1490791.9
3705;1528567.3
2150;170422.6
1140;587872.2
3523;693881.3
666;506917.7
1072;1130820.5
2537;181514.1
1990;3632471.6
1138;2564369.5
694;1274947.1
1594;582021.6
4060;209691.2
3413;446417.6
4055;2137909.2
4766;243489.9
4629;673916.4
393;2535204.6
2405;424212.9
520;1030142.5
1669;323732.2
3416;787673.9
758;305420.2
4296;244049.9
4677;374287.1
2835;1082206.1
1917;4221379.8
555;844830.7
3801;720190.3
505;707012.4
3259;1480787.6
293;1386529.1
1126;128100.4
4484;491454.7
12840;584023.0
394;287658.4
9458;1859922.2
9721;1759511.2
8287;715608.3
2579;116542.6
1238;1564119.7
4904;258733.4
5275;5256325.4
5965;5332416.6
689;5774233.5
2283;796743.1
4607;338775.6
12568;1159819.3
3386;577545.1
2698;5572379.4
2561;751322.7
3254;201153.1
1999;791860.6
165;54000.0
1271;1518533.4
2016;287403.3
3872;171428.7
370;1096645.1
5393;1147079.1
6499;2507346.4
2468;797408.2
2422;2244300.1
2596;2871343.3
4919;2173043.5
11574;2802485.6
1310;1101872.6
6318;7298574.8
4477;5621797.0
10209;806554.0
5254;3428217.2
3145;459899.0
523;705839.3
2060;264036.1
3781;388167.9
3249;410954.9
4024;1105521.3
2566;5558434.8
357;497646.5
483;1788772.6
179;122913.9
4444;92727.8
1281;2853429.7
3999;937827.3
849;70800.0
4095;1732400.2
4440;3231779.1
2903;536645.5
4632;170216.1
2877;696311.5
2184;384045.2
753;1046762.0
1113;266710.6
944;672839.1
2987;187818.5
8392;1860223.0
2691;3737260.6
1287;322402.1
691;1128906.5
3586;1480626.6
4384;185730.0
1491;776162.1
1361;550733.5
4740;1452207.9
2849;907848.0
4863;4334780.9
2516;226491.6
3798;1632647.8
1360;7386440.3
3855;1678027.1
4763;1969308.8
855;288978.2
1837;401176.3
3337;948455.7
2069;530541.5
4295;1065616.2
7772;1478931.0
203;406898.4
2858;493556.0
646;234714.7
4598;96400.0
4397;4012633.9
8568;2039754.4
3264;2841277.0
269;290022.6
662;753007.8
995;210986.1
2847;845445.1
2153;532268.1
396;265242.6
4283;264253.2
6750;1780135.7
3717;158486.7
2774;373501.7
3785;816186.8
3139;774503.6
222;29400.0
3060;743268.4
38;4564283.4
3698;2093846.0
3973;249021.4
1493;434131.7
2758;895648.7
3723;223933.1
1893;450575.7
3606;1599844.8
2782;3088713.7
1604;169963.6
3946;1384969.5
629;1623826.1
3592;746207.3
4701;1234084.2
11381;629157.2
748;425324.6
139;1614285.2
4146;239307.8
4456;598891.0
3498;6013014.3
2;3243070.0
3204;1196679.9
2498;1224658.4
1848;174323.3
1874;3282452.0
1610;2095563.5
5911;4359585.6
4540;373551.7
1007;439882.5
8327;4750518.8
1931;157560.5
766;103203.4
3181;2255155.4
1017;149250.1
1255;1133562.3
858;2134684.2
1369;85220.0
1004;157383.0
934;278633.7
127;853811.9
1533;923856.3
1132;313137.7
1614;1105362.2
1495;906680.7
3732;482617.1
5081;2504283.9
3307;2693556.6
9346;2425318.1
986;1010555.3
2975;4432403.2
4682;473767.8
4743;1094272.9
2608;434653.6
11114;1227254.8
2173;1142177.3
1237;436299.1
4807;355967.1
744;83300.0
4744;137170.2
913;1192004.8
2248;292404.5
4754;2566497.1
4574;888228.4
13090;2749186.1
1440;2652134.1
2004;2645179.2
2151;170422.6
2612;353232.8
181;725656.4
1997;241547.0
11662;4530544.6
1158;410377.1
833;1621552.6
12382;1804759.2
4285;884618.0
1225;152390.5
4396;4012633.9
1182;2191619.2
3843;174782.5
105;186942.3
4584;3993853.6
1563;1345228.7
3503;898831.7
4928;528993.9
2945;348500.1
2714;1829784.3
1657;910386.4
2152;965394.8
3137;59900.0
3289;911350.3
443;134302.6
2249;871950.7
4136;1839994.0
4508;426995.5
6644;2440766.0
4556;1023979.7
12324;1784894.3
845;2678227.2
1548;409135.6
4286;507260.0
4418;579845.4
2818;472814.7
4832;3058733.7
1444;2488904.1
107;2849715.8
432;1543724.6
3996;561760.3
4783;2320679.6
1919;382441.8
434;1277400.3
12490;779071.5
3730;1903606.1
2885;2683633.6
5460;1598872.5
3433;1315162.7
12468;1988326.3
216;588663.2
339;658481.8
1965;2098258.1
354;191661.0
2384;68744.8
2507;598571.8
2739;2789071.5
1710;1901742.1
2091;237636.9
3964;843841.5
6544;5066242.2
2656;916212.3
4155;598727.5
2629;143024.0
1550;549216.2
585;1899832.8
4474;1236727.5
4644;141279.9
6363;3002545.4
3417;787673.9
1221;2372735.5
3423;70224.2
2785;1658075.4
1802;410502.1
341;830432.2
136;354297.9
3403;744375.1
3902;587988.5
333;896531.1
3374;417612.0
3600;178961.2
1591;129525.7
386;285362.4
2506;761846.3
1256;808903.9
686;2427132.6
7724;1959734.8
1489;807330.9
3978;3068534.1
1826;2987900.8
3749;785478.9
2658;177658.2
412;2135448.5
378;564556.9
1816;1426915.3
7814;4947234.3
261;705211.7
872;35400.0
425;1423639.5
1147;275513.4
1117;1278264.9
3866;345918.4
2685;95300.0
3691;1796240.4
2832;277634.1
7010;2056619.1
292;258145.4
740;836050.2
2983;5101107.3
8105;2726124.4
4543;918749.0
4578;526028.2
1471;1713532.8
1819;1265496.2
2942;1276597.6
3355;1693969.4
4278;779980.0
941;937039.2
1764;570751.8
3352;140983.0
4052;508734.1
5137;595193.6
4266;390003.1
4532;3776175.6
1187;358532.5
4637;112068.5
1292;1019738.3
12464;3115418.5
10070;1862332.4
1176;264916.0
167;1334275.6
4123;1351475.9
4621;2248726.5
2168;135744.0
1647;749623.9
1433;458547.9
2909;799912.1
1501;426784.5
2288;2137346.3
2678;350956.7
1003;295117.0
7959;3714405.4
11252;516596.1
1759;388768.6
3584;3612563.1
2162;893970.8
2977;899508.1
6729;1037874.4
1830;1525522.8
2865;493957.0
3252;2848840.1
1707;2175213.5
4759;84345.2
1864;3556082.0
4668;676527.3
2067;883836.5
184;404905.6
3755;67249.9
3142;354655.6
790;200643.0
7348;2868999.2
5775;1247462.4
2481;1951828.0
219;3209816.5
3002;480413.3
3028;586067.5
7422;2997550.6
4065;1194521.8
3845;1056436.2
304;237970.0
1020;3043698.1
2984;2034365.8
283;752072.5
2640;78500.0
3402;744375.1
12095;4739417.7
2218;1173562.9
2908;692405.0
936;725432.8
2087;124100.0
1210;649608.7
168;333222.6
12396;5488220.5
4696;329957.3
2032;666387.9
428;314642.5
2363;2723899.6
3883;3568577.0
4767;425199.5
3520;531248.1
1820;306405.7
4302;205219.4
3102;2290457.4
2201;528550.3
925;1883443.0
2340;267150.3
2887;249907.5
3500;435545.4
2227;1293727.9
635;204968.8
1260;3812220.7
3214;589602.4
2642;340820.2
11266;527112.7
3079;1216123.1
2346;1321271.5
344;748010.2
566;956501.6
1104;943529.6
1253;1221520.7
3087;75637.4
4683;239725.8
2704;659572.4
2929;4535320.5
9930;2004223.4
4204;405880.2
272;1060503.9
3467;520778.9
1213;3880345.9
94;245951.1
2966;2523326.0
2118;852899.1
1617;823999.2
1246;5955593.5
955;1856846.0
1785;177332.7
545;998043.7
9845;3436975.1
13089;1972474.2
4563;3913873.2
3299;400629.7
6;354334.4
13576;3905336.7
9776;2182912.5
3524;1020652.5
4814;1468982.5
1325;1240025.0
5223;1307459.1
2478;478434.5
10528;3311704.3
2934;2168346.1
1686;459587.4
870;276981.3
4594;339237.1
1519;150940.7
2504;1141389.2
4773;1926525.7
1487;223731.5
2996;85100.0
3313;616015.3
276;1307099.9
11867;3544495.1
4064;1454882.2
2292;511002.5
3897;406896.7
2677;350956.7
1709;2849494.0
3285;2181343.7
1769;124371.3
1761;1618061.4
976;1948680.8
2703;186487.4
1763;45000.0
10492;748697.6
1994;2227684.9
642;752665.2
11008;2449921.2
4267;660609.1
3672;3430808.2
1910;241679.3
2132;720106.6
5618;1728981.8
8200;849219.5
13098;1403070.1
6417;5270595.5
3564;1266069.3
4154;176897.0
1274;189238.2
202;2755587.3
2439;1860392.3
819;1440167.3
909;559200.6
3638;181638.2
674;273688.3
2654;1525358.9
3632;3447237.5
4137;1691317.3
12754;2370527.6
11804;4484298.0
2017;287403.3
4476;613108.0
3183;901777.2
400;201591.7
5395;2091704.9
2485;407651.7
1373;304480.9
403;1552178.9
856;288940.6
362;340272.7
3138;59900.0
2733;301202.1
23;417081.2
3512;984497.8
4735;523131.8
1492;4565111.4
1328;801862.8
725;660873.8
5321;1902160.2
4592;240727.9
331;2837051.8
3570;555131.1
3004;399714.1
1167;901743.2
749;425324.6
2294;664596.5
436;405837.2
3544;1913271.4
900;2318363.1
2651;3054254.5
3890;3125625.5
3232;1194996.6
4485;693971.2
787;802448.4
1099;126892.5
2382;803912.1
911;135630.2
156;279422.8
4073;1306185.8
4217;1715734.8
375;97065.1
2038;3480187.5
1093;605079.7
1263;1760655.9
5126;3113303.9
2166;4213321.1
916;1364533.7
3682;504268.9
2191;1620183.2
2380;504467.1
12730;786502.2
4736;845350.9
13620;4148386.3
9457;1859922.2
1879;749602.7
3813;3645800.3
2534;306251.5
3439;727038.4
4240;63113.2
11314;2099633.6
4075;599817.0
3171;481661.5
1073;337367.6
4539;947291.3
392;2535204.6
2383;68744.8
1250;1478620.8
3733;2777511.8
1236;3504601.4
3510;1237677.3
2171;1004338.7
1490;525074.0
2001;978761.4
1581;669051.6
3559;282729.3
5108;3700254.8
9428;4303393.3
1880;573837.1
3251;2848840.1
4330;371820.5
2766;562084.8
2477;574001.1
2666;594218.3
58;186263.8
1557;2184967.1
1921;967530.3
4901;3878932.3
2357;552819.7
644;2466938.0
1621;774052.7
3594;1015014.5
3817;777195.5
4071;3441779.8
1940;343971.4
3098;287406.0
3576;4880207.3
2304;3535266.6
1702;283867.5
402;1300059.2
1970;1250655.9
4732;308148.2
1929;1716601.1
3773;111843.8
3977;2875338.0
1499;1896178.4
335;1419769.7
829;379600.8
3697;650952.0
1834;201402.5
1110;340932.5
3431;1959574.2
4342;602739.5
3504;1025032.0
6052;4866812.6
13405;587934.3
3624;1032845.5
4257;3515869.4
4691;2251063.5
3933;236550.5
401;201591.7
2963;446540.8
309;1783951.1
4599;96400.0
12547;1903723.7
1569;2829772.4
1564;1373648.6
1795;1141030.7
3976;182463.2
9340;1702445.2
3767;2647788.9
4388;220687.1
3404;2004907.1
3116;2921995.5
3241;416811.6
3130;1466990.8
4362;34700.0
3851;480786.6
1282;1133361.6
4020;4014052.2
1264;920504.4
126;404655.1
4961;649065.4
5404;474176.9
785;580594.4
10269;4648500.6
3893;1443175.0
1190;732742.3
2444;425368.9
10963;4794571.2
2208;1988999.3
1220;2835636.5
745;1634260.9
862;495419.9
2570;3216257.7
1869;434760.5
9775;2182912.5
12378;4508737.4
2455;595133.7
3891;1582559.8
1348;2198333.0
3216;1909518.2
7576;3684880.1
3321;697759.2
2068;141259.3
404;1552178.9
628;851226.4
553;635661.3
859;3027461.4
2071;389729.6
3295;1362686.0
159;2631765.3
713;1945048.5
1655;732596.1
1031;937668.2
2088;1517766.6
1362;550733.5
3464;1476551.0
3987;3300006.8
2955;447065.1
5002;635094.7
884;86371.0
481;125183.4
10828;2136624.6
2412;317244.8
66;1959967.5
11794;5562027.2
4035;2482358.9
6317;7298574.8
4553;1273157.8
2259;4201276.8
2175;637954.1
910;437223.6
6257;1427754.8
2888;266645.7
511;1040760.3
268;628534.7
3084;3508021.0
9427;4303393.3
263;3623277.8
11461;5017326.5
1276;417542.5
1771;244637.2
5859;2972808.0
1036;371966.6
3762;1551148.9
155;197292.4
448;1222038.2
2158;405609.3
627;851226.4
2531;786362.5
3734;339934.5
11;1722230.1
1208;3264018.2
11977;652131.3
7325;2661904.9
1896;485810.5
680;1386970.0
2786;1745298.3
2510;1961948.5
1224;220703.2
2028;278593.1
9872;3033877.3
1442;274214.2
1096;209643.9
2610;1402060.7
3320;4696677.3
4746;401071.4
4853;1307194.7
2872;417623.9
2798;157065.6
7800;2705645.7
3347;888401.6
2528;479951.8
5233;2013983.3
3862;739264.1
2823;1589391.6
1334;558065.1
3926;1126928.3
984;1809283.5
3928;295257.9
51;2848275.7
3309;3403028.5
3671;3430808.2
2253;256753.3
13260;2291201.5
3471;1030567.7
502;270643.1
2425;1674050.5
3019;2271732.1
3920;766861.5
2031;527519.2
5402;3362146.8
3075;2308512.4
4255;167544.4
3477;4154516.2
3783;691298.0
2675;295178.3
1386;437839.4
1397;781247.7
3396;1554538.5
452;1943190.4
2309;1460121.2
11123;819202.1
4490;344001.2
2252;256753.3
3572;660036.2
4076;3253216.8
1313;794117.2
3975;1173834.2
3913;1851410.1
2483;331898.3
7672;3294666.3
1311;4036779.8
7234;2136210.5
2390;4733894.8
3297;1894932.3
4268;660609.1
4816;2406746.6
4737;407635.2
13285;2419974.5
2246;1106222.9
1019;588930.0
1865;3556082.0
3366;1545287.6
5159;2238592.4
1483;1528260.4
3200;1297064.2
4143;425410.0
3885;562366.6
3180;536764.2
5760;3455700.8
478;3473987.1
3197;5420130.8
7815;5558597.4
727;403500.3
2395;2928211.2
4728;3579405.3
2303;3535266.6
2410;1749801.7
2002;826553.0
9582;2124085.0
2868;250716.7
102;447055.8
1155;395452.9
11004;4032960.6
4808;241608.9
1770;124371.3
5978;2365910.4
2471;2150444.7
13123;5504312.7
3353;140983.0
4625;2069662.9
893;123289.8
1539;315799.1
962;2584422.1
7186;931952.3
6255;948894.0
996;665422.6
3506;368428.3
11516;2600702.4
4390;300049.6
1815;1230474.0
3951;617379.6
198;281452.5
5376;2533806.8
7166;2008837.1
2808;5912217.8
2239;244060.8
8089;1553016.0
4309;866564.4
1194;1563247.9
584;537756.1
832;322252.7
2505;254946.3
602;2040845.3
3480;341546.4
2765;377779.9
1404;2909421.5
1503;614569.1
4529;2214883.0
2684;5384222.9
2533;245642.7
1097;209643.9
1087;1186494.1
5072;157774.8
4780;76200.0
275;191976.3
2771;322485.6
2976;317375.1
10746;931553.9
2434;1463949.2
5397;727872.3
2400;1624108.1
1955;1536820.7
2602;426734.2
9313;1195123.0
1518;150940.7
6185;881000.0
1810;717518.1
67;317481.5
1145;1000649.2
2525;2941374.8
4160;1271469.9
4161;1433352.6
4944;596189.2
2750;214130.1
199;880055.5
3882;421558.3
3120;2301639.2
1040;5908071.0
4006;319082.4
730;311146.4
2219;1173562.9
7678;3476497.2
768;564054.0
1055;169377.8
4794;334724.9
5337;1717677.9
1693;640427.8
3944;6279458.8
3990;1046065.5
908;42800.0
4407;672787.2
4915;3580288.8
10543;3586181.2
10;1722230.1
4156;264667.0
1597;244307.0
3158;378074.0
1662;3249219.5
45;1276939.4
473;897534.9
2597;287701.3
4675;388192.0
10912;4174333.8
2005;1239880.0
2846;4351446.5
1738;1209909.1
4473;1187680.3
4562;633931.8
3824;1690636.7
733;108158.1
888;119332.4
515;893996.2
3370;117080.3
196;658909.8
89;1089254.5
9760;3054467.3
2522;2327661.2
4979;4691681.0
933;278633.7
1928;1185270.9
997;142091.2
1048;714301.8
4547;3667715.8
369;405039.4
1443;2488904.1
1272;272081.4
2200;2652115.8
3806;1231952.7
3144;459899.0
2267;1567083.4
332;234762.6
1094;77691.3
1936;1714072.9
2961;172981.5
668;3314056.2
260;72836.4
3960;211419.9
36;1893642.7
1053;1214292.8
731;2914210.5
11873;2830779.7
1904;865764.1
4201;966364.9
9450;1455396.7
312;807606.9
557;2140534.5
2777;815294.8
4626;1510934.6
4697;939152.3
891;540953.7
1458;2792302.0
1841;2487184.2
87;2570641.1
2006;1156049.6
5379;244905.6
13290;1181591.4
3119;537706.6
3290;927060.4
3514;860844.2
2816;523123.8
4618;627765.6
542;263891.5
987;300081.3
1713;1285562.0
145;119243.7
1049;1521606.5
839;4886608.0
3061;743268.4
831;2100546.9
4120;2791075.9
5399;1562433.5
1956;471871.6
1500;357869.8
13845;1345216.4
4557;451842.8
4519;1215926.9
11598;788263.7
2154;1213211.5
490;1595719.6
2454;47100.0
613;3298287.9
2475;897003.1
2015;771886.8
2433;3759479.3
1670;1725827.6
4083;1113917.3
91;929655.7
2427;375356.9
2891;501799.4
1102;4272032.0
1279;2670734.9
3729;997892.6
4465;100378.0
3805;524139.0
2053;504811.0
4564;3913873.2
4185;726305.5
4447;1599438.3
13291;1181591.4
2628;143024.0
4425;128382.3
65;1769988.4
4150;345134.4
259;72836.4
4386;1307136.7
3892;377788.5
3712;584364.2
1388;1797083.8
5313;4100325.0
2305;1560257.1
2051;636332.5
1411;404932.5
985;1809283.5
3227;133951.4
1344;657602.9
9945;4178734.3
11136;4379955.4
1270;582098.6
3888;146608.6
1514;1322878.4
4684;3574357.5
2523;2327661.2
4826;1840440.2
31;2999435.3
355;191661.0
4886;3123960.0
1818;1005051.9
4269;260507.6
878;332726.1
180;544394.0
12163;4505861.7
8764;1109399.3
56;1204516.7
4140;489361.6
15;220343.3
1536;2492157.1
2796;746766.9
406;327041.3
4383;2053848.3
8432;3782090.1
4245;253809.9
2836;361113.7
3898;3817777.1
3046;586007.0
2756;562027.8
59;1924197.2
2096;801959.2
3846;847977.7
1618;937371.8
1523;283167.6
3958;2717231.3
4199;266609.1
1808;575593.6
7366;351238.7
4725;499484.8
13912;2497461.7
8737;1239496.6
1135;741205.1
1703;476540.9
1125;128100.4
3752;438982.6
7970;588538.8
8661;1457719.6
1202;3330999.7
3277;81505.9
3187;3103226.1
3333;704333.5
4628;3018912.8
1924;545082.3
1200;191534.5
1141;1348676.9
2397;755288.9
95;245951.1
4014;743672.2
7311;1698608.7
1435;768728.8
6039;2364167.4
5413;615082.8
514;2617955.7
707;867050.8
975;1193660.6
3901;2730846.2
4000;1040668.1
11122;1938735.1
1438;794327.1
630;2303626.2
5138;2798684.2
2925;289828.7
2463;2423687.1
779;3984868.9
347;1672909.4
1920;309738.4
1898;2169634.4
3719;560725.3
3474;121127.2
5144;681066.0
4252;7401229.2
3722;425402.3
176;784094.2
2632;426157.4
1512;762811.4
352;4304553.1
2680;1491434.6
3688;6178956.3
8463;3736994.2
191;2408813.8
4974;5250345.3
4486;693971.2
5141;831173.2
967;2096871.9
493;1877002.8
625;415335.5
6178;4802867.5
842;551886.7
3242;416811.6
4671;930997.4
3834;634066.1
3569;260319.7
3071;450572.0
4593;435308.9
857;967401.2
3693;393627.7
1084;1113766.8
1418;870596.9
1971;2444819.7
1863;412675.6
2590;682515.3
2985;2034365.8
4768;1334665.5
2497;311596.5
7043;2840999.6
4956;1569155.7
4571;1902835.2
2683;152560.6
4779;153726.6
279;272312.8
11795;5562027.2
11886;5751752.9
4496;1285904.2
302;253500.5
1307;1113518.9
547;1226336.1
10351;3226937.3
13113;5939464.9
589;256132.0
267;5139022.2
522;558090.7
1568;222909.7
1105;686270.9
1513;3472132.2
4265;935867.8
1612;1137205.7
1116;521113.3
3279;1591596.8
146;1244001.2
10511;5676384.1
3194;721557.0
3534;1705472.1
4801;314921.9
3886;410889.8
1201;175277.8
2605;119851.6
1694;640427.8
3201;1145542.8
3055;271178.0
10095;5834577.2
349;562620.4
4232;320310.3
1982;967126.5
4022;191876.1
1286;4015628.3
10159;1026249.7
10199;6306714.2
4572;682825.4
12003;4461817.7
4432;259708.6
5164;890772.3
3585;84100.0
1942;562953.0
1589;2196935.4
9798;2457476.4
4428;6976810.1
3151;1109413.3
265;702395.5
3428;1556880.4
78;4697877.0
1726;481323.2
2229;2606648.9
1018;5681985.4
1323;543471.4
4525;1974255.9
2047;768617.1
2661;603464.3
11271;761981.1
4918;1221737.5
1915;861982.5
794;615958.5
3567;422743.5
5580;1197197.5
115;6757999.1
8502;2136343.8
4731;3242375.9
3623;1045369.1
1000;2505434.4
525;511082.3
1426;509332.0
8333;647836.4
2920;705719.5
4424;128382.3
3548;6240927.6
4959;627166.1
2682;1007168.1
3210;526797.4
2932;2054956.2
762;3552849.1
6886;1090190.6
1976;750019.1
2401;643549.8
3566;184857.2
5232;2664382.7
5253;3428217.2
13417;935037.7
3700;1051855.3
1988;1721392.0
4818;210118.2
2339;816974.1
2347;1012920.5
2724;2866105.8
850;2868876.0
905;764142.2
724;513973.3
568;2995998.0
844;2678227.2
847;1233203.1
2937;752634.1
3332;1712416.2
6473;1787922.4
459;263394.2
4546;1574553.0
1723;725086.5
12599;2477036.9
225;700842.5
4631;401967.4
3788;606678.2
12943;2759499.3
1098;1234715.8
902;573938.0
781;2672514.7
4247;652068.7
649;4099490.3
3612;3234218.7
266;1184647.3
330;2039419.6
1641;160164.0
719;765123.4
147;657448.6
3049;5635128.3
2064;731103.1
154;197292.4
4046;858938.0
2810;2104698.3
4057;621968.3
2581;789521.3
4724;1243897.1
1850;748442.2
4619;972800.1
1465;295203.8
10998;1437906.9
3213;427094.8
4363;34700.0
1420;594889.7
2040;2541419.1
717;639275.4
1191;732742.3
4687;95082.4
4348;1741134.7
12220;1121550.8
125;404655.1
4138;192575.0
5450;123991.4
37;1893642.7
4235;3072421.1
4365;2339898.0
541;432279.8
1667;176011.3
550;1506397.8
3327;526737.6
6764;2201276.0
4674;1137255.7
3177;2200505.0
1383;124385.1
2799;1926136.8
3511;1389838.2
3853;71360.9
4251;7401229.2
3757;694871.7
4688;95082.4
3492;2640153.1
4274;215569.1
1937;1714072.9
4799;1421082.9
1284;589232.8
1244;824331.6
1853;301163.9
2761;1285714.0
939;1111863.2
3923;834071.4
3766;478849.5
3437;801305.2
926;996502.5
4502;157089.2
4693;289594.2
9833;3719383.0
1389;313358.9
12750;2914240.0
3330;181011.4
2494;743167.4
510;1089236.1
11637;2506606.9
2160;300695.5
3568;1027559.2
4673;3504108.8
8678;1316063.9
11267;527112.7
2802;143241.8
11713;1420860.8
830;1059733.5
4426;1349430.0
5175;2876934.1
1913;2560804.8
4182;1179616.8
7241;2241648.7
4587;1547182.4
1704;476540.9
8666;1062366.7
74;227127.0
4084;1570253.8
2588;546294.1
5283;916351.9
4104;334278.4
4663;5584575.4
1777;138394.8
578;1198758.7
447;581469.3
411;2135448.5
4892;141420.9
2520;2073484.6
687;2427132.6
3522;6769370.2
5352;853519.2
3484;1009458.9
10288;3149327.5
591;808483.3
3696;504024.5
2965;263581.9
2867;154338.4
4090;490826.4
7683;1668874.6
1043;215131.3
2406;788996.2
4010;244983.6
86;3299662.5
2026;507818.7
3956;420139.5
2600;299557.4
4191;785232.9
1076;2065006.0
2545;252505.0
1278;840707.5
1822;291092.6
3884;98066.6
316;59200.0
4414;328825.8
2620;1218425.3
2233;221032.7
1118;1278264.9
2967;812506.5
11683;2965562.8
5684;2694016.3
4101;916707.2
2492;217839.2
3937;730490.3
722;819338.0
1324;1897553.8
2574;657127.3
367;213483.2
1054;540337.8
1142;838372.1
4308;992119.4
3023;3075109.5
207;365583.3
33;1209008.1
2104;1044611.7
3655;3122623.7
2050;743463.8
229;868309.4
2539;1363733.2
3704;445622.2
2062;115623.6
3434;1315162.7
6798;1874581.9
1691;2615500.1
1758;935509.1
1750;2644124.7
865;411490.2
737;753542.5
3114;1122166.0
1644;327192.7
132;1599637.7
1679;61891.3
2824;865856.9
9755;694879.7
2241;335919.9
3727;316741.9
2247;458794.6
3334;917134.3
4787;1280620.2
30;695992.6
3048;356329.0
4567;3141775.5
27;304708.3
11860;643982.6
2751;358044.6
3195;1580888.6
1672;496995.2
4941;183089.3
3528;615312.0
1978;3508482.0
3577;792537.4
3281;184298.2
122;1287447.4
2845;821862.0
2797;609753.5
690;1128906.5
4126;1408978.6
2696;1437703.1
2935;2277410.0
1350;1438590.7
3430;7371924.7
1742;1187008.7
3460;788035.0
2577;328716.0
3350;842704.7
516;893996.2
3260;1836174.7
3701;784071.7
6191;6939091.1
821;169281.4
2720;2871009.9
3148;4537589.2
5010;980676.4
11331;6516182.3
210;2703598.7
1422;253792.2
4501;166799.7
183;404905.6
148;657448.6
1318;648938.4
3298;5061382.8
408;2647881.6
4319;2045635.0
1757;95749.3
274;2921960.9
423;3069444.6
1063;1727400.2
2161;893970.8
1384;2117099.9
318;499646.5
3406;5791136.4
1251;790621.4
2619;1218425.3
1824;1414587.1
1993;2227684.9
3282;577666.3
1060;915063.0
4293;6363065.7
350;466138.9
3916;1683068.5
4772;618159.4
2730;224084.1
271;1037441.6
3875;291018.5
4627;3018912.8
3662;837705.9
1339;1777641.7
2644;1041994.2
2512;645668.9
2295;591028.0
4603;595584.2
4589;2225848.1
5145;2611613.0
1629;3061406.2
3351;842704.7
2238;1022154.3
660;704875.0
4420;697706.2
124;1987441.5
1593;778916.6
3499;2733689.8
1829;1710882.8
4718;674156.7
4781;377585.0
422;2185866.7
2926;168257.8
1232;575432.4
9555;905420.0
1065;406270.2
10566;3309574.2
3057;2543047.7
8342;3006086.1
2314;1027654.0
2550;1039899.8
4212;904796.0
2719;5242250.5
4376;1269588.4
62;362968.8
2712;1534226.9
1268;133977.7
1534;480063.6
2279;2256653.6
3620;655343.6
10274;1847553.1
2311;1568150.5
4806;416767.2
3779;1352263.8
4479;3751611.4
3921;476649.0
5333;2793717.2
4792;859740.0
877;332726.1
4230;1614278.6
397;302878.8
4066;359259.5
1849;247502.2
4367;223030.0
3774;324087.1
1877;284342.2
4639;718731.3
363;340272.7
1930;415179.7
2061;115623.6
212;175506.8
1248;2143005.4
4303;841198.6
2206;2049517.8
2898;227590.7
538;1196416.6
3085;2889237.0
696;855032.7
4122;1351475.9
3278;81505.9
3748;804610.8
1079;905262.2
4292;157394.2
3736;1598428.4
11851;4954604.8
3782;4400122.6
1035;371966.6
4833;817029.1
10355;3100279.3
4672;1303336.2
2139;290409.9
4047;858938.0
11208;3613555.6
2290;1306662.6
5200;6890369.0
4070;1014574.1
4641;2824143.6
1183;906141.6
4509;426995.5
1938;1959712.6
99;1424108.1
301;966325.8
4530;2214883.0
3792;1621150.5
1688;560475.9
3539;364755.7
4284;884618.0
4976;125504.0
1556;6619163.1
249;558998.2
201;243389.2
4819;1017332.7
1329;387024.7
3676;2081939.3
7412;902604.6
2094;2237715.5
1699;1291218.1
721;414120.1
1198;720626.1
11497;3226763.5
1813;3294422.6
440;1597891.8
1883;3159386.4
13201;5218863.6
12485;673044.0
328;353822.8
2854;143883.2
4463;739666.0
5374;516647.6
3900;2730846.2
1985;828210.2
4714;210293.1
552;635661.3
2394;1325883.4
9236;766372.2
3675;347300.6
2349;1402699.6
2700;3409319.9
3358;690827.9
2938;346885.6
13172;1361420.7
3173;1076172.1
2092;4352249.1
1755;718499.4
4096;1732400.2
1807;575593.6
4380;381442.4
3981;2072957.6
2098;346727.2
4494;2048541.5
4299;2719367.1
2442;687633.3
2441;687633.3
4333;1680695.4
238;1770416.3
4467;1520740.6
2928;785400.6
2486;642236.0
767;103203.4
2838;1114860.4
1823;1464983.4
692;879281.3
4656;2686208.6
373;860794.5
6944;3665470.1
1508;425231.8
4291;814337.5
3452;1830366.3
577;225968.3
4822;2172781.4
2376;187038.0
2825;761114.8
24;3728698.3
1675;2229142.6
3359;1235837.9
2217;4611960.9
3058;545696.8
11337;959203.9
3345;2718795.6
217;82824.2
3573;4766297.7
4354;2933249.3
921;538816.2
6114;3950348.9
5050;1532034.9
735;167624.6
2301;1132737.0
1479;341973.6
2342;793190.9
4350;458900.1
1532;1534782.4
543;131391.0
1006;439882.5
13406;4190954.1
2430;956199.0
5326;1723291.1
3432;3097488.1
3020;333257.2
338;1902075.0
4729;3384384.0
892;779913.7
3317;665850.5
1888;249631.5
426;392639.2
1085;470701.7
2801;494919.1
12726;357820.2
764;204553.3
4468;1520740.6
2626;6200452.5
3750;327466.7
2783;407115.1
3694;393627.7
484;1955519.1
85;3299662.5
1801;410502.1
5249;2078915.6
12991;2798222.5
688;851187.0
2674;3462100.0
507;237225.9
4989;567775.0
3176;201499.8
2995;1509918.6
4612;82739.6
2189;580495.7
2482;331898.3
4793;1113838.2
1584;513083.5
4623;620657.0
1174;3086569.6
10479;1487380.1
2473;2452869.3
10555;2325347.3
4449;2308281.6
1119;1313305.3
3125;271053.3
2805;3113099.2
2990;512291.9
4345;2215198.6
2211;254431.3
2882;291572.6
2048;156747.6
1067;2634541.3
1189;373586.5
1884;367838.5
6256;948894.0
3291;954824.9
2586;2662541.1
5287;872464.8
1376;372008.0
2790;1706166.2
163;377550.3
1431;351893.0
3207;210662.2
624;842327.7
4649;239060.7
1934;129268.0
5445;6329873.2
270;1037441.6
3615;2751190.9
598;2852262.4
4824;103767.5
1240;94932.0
3122;1494828.2
4482;1900887.7
1453;3098387.7
685;265000.7
3759;418993.7
2800;719174.7
319;355548.1
4586;1439458.0
1546;142877.3
1321;166758.1
1266;1507564.8
4282;713816.2
6383;1629607.6
3997;490550.4
2941;4711547.9
1592;778916.6
4377;2475849.7
2034;608186.7
2077;272305.2
1333;1861304.7
582;977809.5
9606;3045525.0
5149;1599032.8
1881;222178.0
251;1090581.9
1747;210795.8
2443;405549.3
6175;850953.5
5016;1078104.3
3335;7523007.6
851;485179.7
1077;528261.2
323;419893.4
5338;1717677.9
3962;4017868.2
3818;153604.6
7521;6184654.2
466;599669.4
4132;2452395.5
1628;3443315.1
4015;1620113.2
3515;724630.8
3303;1356693.4
2571;886297.6
3449;296840.7
93;194529.9
6545;5066242.2
3617;489644.9
2428;3314457.3
4176;332384.7
942;308208.7
1317;1228445.3
5201;6890369.0
3009;1425163.7
3031;1636940.1
7286;2814069.7
3494;777704.0
1151;882714.8
1447;825438.7
4080;3642787.9
677;475334.4
1023;1046089.2
1844;290336.8
4722;649403.9
3065;225601.3
3590;962200.1
1081;1267187.8
2143;2593691.1
572;156850.3
1798;331671.5
2100;660884.4
4788;2518631.2
477;3318969.9
1401;873141.4
11517;2600702.4
1108;507602.2
3953;161292.6
807;58000.0
3188;1246262.1
1455;516086.8
2944;278729.3
7150;1253726.8
2256;142155.4
4658;2007608.7
1485;2197162.3
3493;1740173.3
3659;266423.3
2741;210449.3
4313;1154652.8
3383;4512295.4
5441;1001442.5
4098;3199545.2
714;2056709.4
6342;1912006.7
421;1948855.6
4336;2383131.6
3856;527183.6
334;3249341.5
3463;1207856.2
3642;175203.1
2204;777148.5
3324;1686455.3
90;585433.5
1608;745292.8
3647;1180357.4
2866;493957.0
2830;440866.5
3546;1376326.1
3838;101180.3
4332;1483914.5
3239;225151.3
418;834285.2
1013;1764205.2
1851;3847370.5
3776;401281.1
4643;896971.6
5530;326552.6
3831;862601.3
1606;651127.1
822;2816602.2
1706;2734783.6
2199;148283.4
3415;1507684.7
3008;212091.7
2373;2018278.0
3589;4558752.9
981;3174784.6
2296;591028.0
4263;1055507.6
1212;308468.7
134;886749.7
4549;215836.2
2784;37700.0
720;430078.7
2313;609922.8
1233;134709.6
2897;227590.7
651;1152963.2
13968;3011379.7
587;76900.0
1984;806249.0
3836;97631.7
4769;804092.3
1676;722226.7
2392;3949886.5
389;3745369.7
206;1081240.2
4741;392787.7
3869;2046181.0
556;2767125.4
4325;2164182.0
1169;593609.5
3202;651329.5
1788;3289272.8
3271;2891474.2
2593;1792144.0
296;3190180.9
5701;3723626.0
10777;820542.5
2255;469510.9
1619;4797384.7
4044;510532.3
5284;539208.4
4403;255253.9
4662;673090.9
4250;1538384.8
103;447055.8
2137;1650054.2
3949;106959.3
1958;1714724.5
4347;806234.5
11380;1966499.2
3322;689930.4
3153;622703.7
2366;799322.6
9231;824569.6
4597;1855320.4
5527;940579.0
4640;1797370.2
2356;552819.7
2956;118221.2
1541;1202830.5
2927;168257.8
11147;815114.9
3026;2235711.4
3311;840987.5
2282;291939.1
840;625796.4
3261;1836174.7
2210;685725.2
4271;3248434.6
994;210986.1
41;3235876.8
2526;1412687.6
2689;861354.1
200;880055.5
4523;1393829.7
614;921798.6
681;407410.5
4752;137052.1
3021;1486085.1
3968;2363220.9
4968;693014.5
1428;138272.5
1540;1202830.5
517;1557106.7
774;1776048.7
751;3196228.5
8571;991367.3
704;636134.7
430;461256.4
4451;905708.9
5163;947785.4
239;3290033.2
896;1680530.5
2195;3626302.9
1095;77691.3
1876;3113677.5
1651;1064380.0
633;1009066.2
750;5643693.9
415;3262002.8
2250;249959.4
3267;3527805.8
2142;2593691.1
1349;3292070.2
1790;439326.1
2230;471269.1
2456;595133.7
1417;511798.1
8506;2006139.0
3354;61600.0
698;585242.9
3787;1727858.9
3150;293233.6
258;122055.2
2474;898399.0
4545;410773.1
10382;2942376.0
1961;794105.5
711;839267.7
190;2408813.8
3735;1598428.4
2198;148283.4
119;174718.0
784;516745.2
2045;1273836.2
4016;2987853.7
315;215974.6
6077;676541.0
5367;4887794.3
2991;512291.9
4082;1045323.5
4192;770277.6
4604;1778580.8
1478;2419347.7
2702;337685.0
1290;660787.3
796;299447.9
1390;496688.6
3982;259223.7
3808;556930.1
814;1057053.6
1972;975109.9
2850;812728.3
4233;3186423.7
9273;3371966.0
3443;824890.0
11710;1240929.8
2749;214130.1
2707;751913.2
4493;1502553.5
2876;819504.3
3663;55139.4
12133;2194456.9
4195;1034712.9
4043;1796163.2
1860;2217975.0
1774;243405.5
2831;1369283.0
828;1174337.3
5277;380259.9
329;1109643.1
1130;167782.6
990;79669.9
3349;447744.6
3963;737005.2
2535;2952437.8
13657;5667989.8
1452;1772551.1
4411;656505.0
11907;717624.6
446;1217396.4
445;1217396.4
1537;2292012.5
3549;189457.7
4462;772788.2
6511;1941896.0
928;1253193.2
3531;387659.6
4219;1200415.3
4413;758514.2
1173;568157.0
2018;2937406.6
4605;618726.4
4023;191876.1
11250;1886254.0
530;909560.3
2274;423765.9
2809;3187707.2
2185;3919165.5
2451;612885.5
1586;1135095.6
4815;2406746.6
3367;1545287.6
356;497646.5
1596;727343.0
2717;554318.2
13687;2291444.6
3296;204419.0
13171;1382074.1
195;658909.8
2207;1988999.3
1156;305032.9
4680;956007.7
4186;417178.2
6042;3224298.5
2266;140905.1
656;1493085.0
3517;1780020.4
567;956501.6
1625;736932.7
8433;3782090.1
1207;1187618.3
221;716561.7
4942;3833671.6
1143;838372.1
935;725432.8
3793;1538916.7
2232;221032.7
7065;1984702.4
1642;616927.6
3035;589810.1
3003;399714.1
4011;168750.2
757;515234.6
3603;387665.8
480;4138757.9
1152;865464.5
2361;905669.8
1511;2312549.9
2842;643940.1
8091;6434129.2
2812;802378.7
2760;1510116.8
952;108753.6
3789;2789663.1
1498;407451.5
2190;1620183.2
3361;159167.9
3110;270656.6
2159;821886.5
3472;832108.5
3619;126228.8
4327;352760.2
4393;87400.0
2337;747366.5
360;294463.4
9;1196919.9
2352;248079.7
4757;1442040.7
2167;535455.8
1872;2687557.9
3308;3403028.5
2781;440066.1
638;1344433.7
1456;402165.9
1843;452529.5
4370;439792.2
4805;126898.3
506;1004552.2
1038;2515953.8
3080;2833305.6
6367;7020378.1
4311;197654.1
2870;2758917.4
835;3306234.6
106;159211.9
1633;262510.5
325;244907.8
4442;767257.8
2890;501799.4
3751;438982.6
2082;152549.9
3967;2363220.9
2039;791191.6
9418;2134150.5
3226;481984.1
1909;1348213.3
4165;587589.6
2611;1143713.3
10813;848718.9
2331;138750.5
2772;322485.6
5539;3097350.8
2138;374997.8
1181;581983.4
9173;3249204.1
9174;3249204.1
2372;710433.6
4789;3068618.4
2843;2092893.8
9451;1455396.7
2124;1151165.3
1407;1074656.3
2257;2167263.4
6015;1961140.5
112;2284009.9
4710;1582417.1
559;2119906.7
5203;2933358.4
3288;173931.2
2900;155833.8
63;285054.6
1330;1911961.0
715;2599793.1
3505;214562.3
2747;1366438.0
3007;534975.5
1996;3281367.4
3067;1490791.9
659;104124.4
4670;930997.4
931;941114.6
4823;1052129.7
1463;489012.0
5134;3529683.3
2187;712229.0
1341;1101632.2
4113;4409006.7
3192;1704996.0
3649;1525809.1
4209;443475.2
5046;1245081.1
2326;522013.8
806;164697.5
3935;4111391.7
2197;6088842.0
2538;1524997.9
846;253714.9
2465;2459146.9
1131;313137.7
4081;523041.7
1916;371802.7
1583;3799198.8
3099;2856242.2
476;3318969.9
4229;512536.6
11709;1240929.8
2811;577952.1
153;814869.9
3695;504024.5
12358;829130.6
2580;116542.6
13820;2188039.1
966;166195.1
2177;1766921.6
4127;1408978.6
10639;1530267.7
1579;1402994.5
4009;2293068.9
763;176257.2
4062;394288.8
4709;1393125.2
2020;234671.7
3668;6433486.8
2979;159628.1
1476;773551.1
1967;1856467.2
3306;920349.0
4708;152328.2
7753;1948832.4
1277;160278.0
641;752665.2
1262;1760655.9
3486;1136375.8
2073;1535586.7
9717;3537935.4
2659;479045.7
2601;426734.2
676;1362828.3
1722;417492.6
4242;2869101.8
2829;213662.9
2839;327894.2
1717;4177965.8
1998;209395.9
4157;2979114.4
723;1109947.5
693;879281.3
57;1204516.7
170;2205418.3
3078;752174.7
2622;547994.8
13261;3326691.4
2555;3936100.7
5;300022.8
4400;2674648.7
4078;2826865.1
13095;1821385.4
3042;310277.0
12695;4029417.9
246;187314.2
1462;478117.1
2370;1507413.9
1981;2356654.0
120;2523157.1
1531;1534782.4
3661;169964.4
1912;1351835.7
5107;3700254.8
2165;2637491.7
6272;3354114.5
3469;630233.2
4712;2003079.1
468;683203.8
13190;2316872.8
906;109621.2
1698;1406981.2
5240;1860920.3
498;2241132.7
2834;2891616.0
4634;447404.8
491;165155.3
3841;185412.1
1799;3427983.7
533;1177557.1
4514;421837.5
13380;2404346.4
3993;1145074.6
5323;882177.2
8611;798852.7
3209;72993.1
2953;1221398.7
13673;1043600.7
3255;1121549.3
1192;666500.2
3622;318686.0
2107;253879.9
4139;4707087.3
2873;5325581.9
699;211472.4
1454;516086.8
3222;616407.7
455;348200.3
81;919370.5
204;406898.4
2822;1224676.9
4770;804092.3
3839;101180.3
2393;372998.7
901;578857.8
2939;628010.3
1794;434839.7
3047;837814.3
2418;418796.6
3825;1690636.7
4077;4128061.1
3024;255045.8
3639;110709.5
4205;938335.8
2795;1347076.0
3450;1402064.5
3740;397910.4
2225;2561989.9
1502;287206.6
4301;384242.8
3429;1423110.3
4298;102578.5
914;882218.7
2462;491962.0
60;1326472.9
3974;2778280.1
3711;3431990.7
3633;929148.5
2438;1860392.3
2488;2219152.7
2881;867420.0
2235;2880173.6
5469;216050.6
2277;811295.2
2316;1818290.9
4033;577091.0
2052;636332.5
3154;622703.7
4326;352760.2
3182;231462.7
327;2372323.2
1355;2423513.9
1525;783618.0
6546;3978514.2
2348;233164.8
8217;3223531.9
1016;434986.0
4352;2773176.7
2213;701964.4
2513;3258301.2
9505;2913397.5
5224;5128879.5
2093;2237715.5
881;214596.1
3328;627387.1
2780;650360.0
1423;253792.2
1312;340692.8
232;820138.7
3384;833079.7
3062;609017.4
11947;5153751.6
186;1598000.1
4100;2534897.3
157;962673.0
3754;174120.4
8548;958902.9
3909;477566.6
2350;1402699.6
617;865901.1
4153;176897.0
1139;2564369.5
5574;2112504.3
3092;1170392.3
1946;6031155.8
101;316796.7
776;562061.8
3305;1915963.3
2542;4869950.0
1890;2528016.1
1204;4787248.9
1645;424018.3
288;421737.0
1343;657602.9
3614;407554.5
2738;991414.8
5152;4060738.6
3930;537196.0
2264;384830.8
2022;308015.1
2377;267002.9
4654;1162185.0
1153;303512.8
1460;138420.8
3907;3191998.2
1735;40927.0
2732;400015.8
2592;1792144.0
2078;907736.9
1911;368906.0
4507;4035334.4
2353;654013.2
5281;2216819.1
2874;838566.4
1300;731984.8
917;1838412.6
3552;191227.6
1254;396123.5
3724;409416.4
83;2700153.5
9946;4178734.3
1146;2948216.4
13480;3428449.0
3660;325489.6
208;3087298.8
1338;463588.5
3146;367608.0
4647;257148.1
1124;468507.4
495;288438.7
1305;1104890.0
1121;791457.6
3409;107167.6
4063;1454882.2
4633;389681.7
6987;1846734.3
907;1076962.5
3179;536764.2
2157;3763808.3
2035;608186.7
4694;289594.2
7567;2334030.5
3256;248473.2
3918;1323684.6
3542;5301870.5
13448;3492585.4
8636;793655.2
4249;336007.1
3326;3467563.1
1927;1185270.9
3266;89600.0
16;220343.3
2859;190050.4
2572;2017303.1
2768;1625850.9
2776;919316.1
1570;2829772.4
12890;2581669.4
9456;1412065.0
5133;5533534.6
3385;287474.1
3284;2181343.7
2693;1004962.1
3690;217529.1
2307;229943.8
3686;423931.2
4555;3246009.9
4026;3557963.9
3895;2850307.9
3280;1591596.8
10510;5676384.1
2289;2137346.3
3155;172661.3
4560;1310450.6
3193;2064226.6
2236;443598.6
4622;2168496.5
4193;209479.9
2860;1951595.2
3541;5617388.1
1408;4095913.4
12;696434.1
1406;1074656.3
152;389885.0
1466;790561.7
4387;2556425.4
5461;903690.7
2476;574001.1
4657;1833383.3
3178;4591076.8
1059;915063.0
5353;395618.9
2389;439421.8
2176;1625920.4
1056;444329.2
3699;1051855.3
5699;1391752.8
7723;1959734.8
2828;318627.3
4734;523131.8
4223;1535452.6
1889;381103.1
11034;3429692.0
1469;376378.9
1838;401176.3
7112;565514.6
11714;1420860.8
977;354934.0
469;1140471.2
2105;42535.1
4993;2250477.7
4795;389760.7
4648;1912104.4
2553;361251.8
929;1261694.1
4503;157089.2
13134;2249068.3
1068;610107.2
3165;881915.4
3859;663872.6
226;5139967.8
4398;613459.1
1580;1671105.7
1615;857979.6
3780;365613.5
2951;962310.0
3218;401171.3
10145;5859736.7
5364;2151670.9
3198;5420130.8
11609;624214.5
12662;2158397.9
3276;1015479.7
2721;1693630.0
4021;1640708.7
1069;305704.0
3458;3526389.9
2986;187818.5
6753;3683431.0
4665;580137.1
1796;663612.9
9316;2635859.1
5873;2803239.1
4774;557315.8
46;692352.5
4131;502909.6
2460;1668434.0
4364;2175487.0
9433;2221926.7
6829;2734394.7
1234;63000.0
4261;437647.4
736;167624.6
290;993933.8
4812;309798.6
2894;379926.8
3001;6936961.4
728;403500.3
2959;667190.4
3488;818685.4
6610;4036704.7
3681;504268.9
3598;593109.1
2924;289828.7
3790;2387518.7
3896;657395.0
574;2510050.2
4487;219044.5
3768;2647788.9
4558;451842.8
4360;1876393.8
189;264409.6
8074;2266679.3
4142;1380803.7
948;334088.3
4784;294799.2
811;1098253.7
3258;4058206.1
1578;1521790.8
4797;2217601.2
3435;372869.2
4174;222441.2
6804;4797350.8
4739;1819698.2
2501;3270655.6
8615;3207605.6
1684;809977.0
1242;798762.0
7843;1304714.5
2672;103182.1
2202;528550.3
2970;141884.9
295;694157.0
3160;755252.5
679;1386970.0
5212;803674.3
4144;425410.0
3994;574197.4
8013;3751130.5
3829;4334545.7
4522;1393829.7
923;1503430.9
2379;244084.2
576;2665533.7
4596;54000.0
1247;5955593.5
2192;2883811.8
2648;3074340.4
4817;856690.5
3454;4362100.7
2101;660884.4
1243;1778323.1
3640;3347136.9
1906;125673.5
3377;1174627.8
9663;3343106.6
5517;3061378.2
142;137004.8
4069;1014574.1
4635;447404.8
4758;84345.2
3742;1984225.7
1448;263109.7
11105;1120643.2
441;4666559.4
3109;476101.4
3397;1885879.2
10662;892990.7
3952;2874395.5
1432;469330.2
769;927021.0
1839;247677.9
3929;1232132.0
3073;1141397.8
4923;2598169.9
12561;1003956.6
1983;967126.5
3304;1209362.2
4568;1083290.6
4317;2679260.1
197;934246.7
11405;1382743.1
6186;881000.0
3989;1559047.9
827;1174337.3
13956;4395136.2
4813;490134.2
4;300022.8
3932;236550.5
682;1164581.7
993;511817.1
1228;2524495.6
488;671563.5
4173;1290299.8
1600;1379380.8
3648;402942.5
3220;392067.5
1170;627623.9
4279;3051075.4
278;272312.8
2126;2347329.1
4003;2389968.3
2569;3216257.7
4321;227063.0
1480;1085102.1
4315;542600.1
3508;2668590.8
1800;1736899.5
2258;2167263.4
4151;131959.3
612;521785.0
2242;623908.6
1907;132103.5
3971;991208.3
337;391757.4
4222;323252.5
551;83500.0
4340;2646811.4
6895;1557288.2
6478;4657379.6
4416;2677543.7
2716;1088049.7
3826;717766.0
2856;683528.1
898;425401.8
5362;415681.9
9611;5564809.3
2226;1641275.9
1380;3338212.7
1293;384568.3
2136;2777643.2
2216;4611960.9
211;2703598.7
336;391757.4
376;925561.9
4369;2712472.5
3030;2743272.8
29;3201667.0
130;1537627.5
535;509967.8
3948;106959.3
10077;1163146.7
3111;270656.6
1682;596900.9
12144;3389865.3
4277;174258.5
6604;744282.5
2330;539873.6
4312;179778.9
6789;5338875.1
4765;786250.4
308;2094646.1
284;416790.5
1150;501832.2
1689;530304.0
3378;1148579.8
1962;235803.6
6235;315596.6
2895;295199.6
470;952797.4
2884;1434470.3
303;694676.9
9366;4224377.0
11126;3346619.6
12303;1474142.3
454;3577502.2
11083;1839303.2
548;7343396.5
3244;379897.1
3628;246836.2
1026;74957.8
1783;1129058.5
791;1230006.6
2336;747366.5
1792;360468.5
2021;731805.3
4689;727005.6
10459;1115875.1
3652;310710.0
922;1503430.9
13955;4395136.2
12739;796053.2
3257;2534080.6
193;1855678.5
6803;4797350.8
1948;1629061.4
979;368986.7
2049;743463.8
3842;237722.6
9419;2134150.5
21;661403.9
5215;2706060.3
348;1672909.4
3270;2522097.5
1123;266994.8
4346;560196.4
2989;743356.9
427;392639.2
710;262257.1
6481;970317.2
3653;310710.0
1171;151567.4
2734;301202.1
738;185831.7
3591;746207.3
1044;1982795.8
3365;549283.5
4270;3248434.6
4516;1461726.9
1188;358532.5
10023;1624821.8
1148;296174.5
2019;234671.7
4716;198735.7
2705;389494.1
1235;63000.0
3816;874891.1
340;658481.8
10476;2669138.6
1215;2386586.6
12325;2807285.8
12616;2303788.1
431;482771.0
3314;349537.3
683;241732.6
4705;903631.1
2740;1235900.8
3211;5616257.0
1137;444805.3
5472;1811521.8
12586;2001191.9
13658;5667989.8
10997;1437906.9
1178;2152001.7
52;551761.4
887;1665345.4
2459;510729.5
718;639275.4
479;4138757.9
3286;473471.5
11406;1382743.1
3815;1165590.0
2057;5169792.4
970;1507746.6
5143;681066.0
528;224522.6
4700;740517.9
3072;1141397.8
4324;488424.9
1086;1186494.1
3685;280577.8
4488;219044.5
2557;621338.4
1873;2687557.9
2223;1514253.3
1631;139300.1
326;2372323.2
1914;861982.5
950;486971.4
4041;480436.1
13852;1123306.1
4412;656505.0
2110;1366381.0
2729;2763373.7
358;749777.4
1526;783618.0
11906;717624.6
2821;833483.4
2322;786706.3
3368;1649006.9
4117;143378.8
3613;3234218.7
2375;187038.0
4775;557315.8
12859;2743616.5
3325;1686455.3
2662;405211.9
3814;802327.8
61;1268986.4
4610;812535.7
1733;409390.7
1494;434131.7
2420;221142.3
8692;2044668.7
1554;1154656.8
407;129652.0
13262;3326691.4
149;91495.3
2381;504467.1
2329;2660843.9
3272;911304.9
3794;248163.2
4638;1806192.5
2023;308015.1
1379;3045550.6
2458;3576590.1
4067;4122894.6
3287;473471.5
10075;2790319.5
895;735183.6
463;104253.4
11768;1183679.5
3864;623991.1
3507;3106520.6
2315;1027654.0
529;408083.2
5247;896973.2
8670;2219855.1
2479;137439.4
5736;577298.7
3012;67256.0
3991;792045.7
10778;820542.5
954;374098.2
661;704875.0
1177;1563386.4
1634;262510.5
4031;297577.3
632;1009066.2
3051;574953.8
5788;1367280.2
1109;289931.4
3985;842458.3
1163;717924.6
739;190848.4
1047;41300.0
1378;3045550.6
3583;3612563.1
3557;337781.3
7411;902604.6
1926;108613.9
1979;469500.8
3221;392067.5
1772;3000338.7
2695;290157.4
13886;2880850.7
1219;259789.1
2503;787693.2
6391;973321.4
2464;69100.0
3565;1642270.8
485;1975577.8
3537;2544612.4
2351;3011953.7
1008;2925116.6
4526;2713169.8
818;99525.3
1791;1608732.6
4992;646549.8
291;993933.8
380;923892.5
4259;2747946.1
860;3027461.4
2054;204311.6
1309;143919.4
3025;255045.8
2131;720106.6
4358;1605427.5
2743;1017732.6
8359;3136317.1
4620;2248726.5
1196;911133.2
2212;3043840.9
9680;705865.0
3379;1148579.8
10703;1183155.2
1941;562953.0
228;2824591.5
3441;1072885.7
11874;2066188.3
2690;72370.3
13447;3492585.4
2111;162303.1
3015;946020.9
2919;1315060.2
7299;3289965.1
989;349574.4
1658;283092.7
4667;676527.3
7586;1858237.7
2169;135744.0
8726;5651645.4
826;2448011.4
670;216219.1
4636;2286028.6
5217;670805.9
10076;1163146.7
9846;1883470.6
4103;632163.1
3300;455519.7
1363;1856666.2
4666;580137.1
4273;219708.3
3605;620264.7
353;2619338.8
4074;1306185.8
12844;1256929.0
5325;1723291.1
3381;2262256.8
12102;7156152.1
4719;830880.3
3283;408212.0
3489;1354057.2
4180;344248.9
1446;825438.7
496;2851098.4
1975;380597.7
1905;428367.1
998;142091.2
4803;2228220.2
945;672839.1
2278;748880.8
237;672821.5
4294;6363065.7
1011;2470356.0
904;515836.7
980;5605907.4
6749;1780135.7
4459;79344.4
10654;826683.8
3039;1671080.3
1793;2210193.8
1510;1800220.4
1497;407451.5
4019;1052799.2
1786;205667.8
2419;1142671.3
4457;1420061.1
187;467104.9
581;91538.6
7390;3311079.2
3262;72518.2
4382;593195.0
1080;4791724.9
1692;103598.0
2415;2339931.4
242;1042536.6
1653;295617.1
2103;1973533.2
1034;1421845.7
3448;959855.2
3319;4696677.3
3014;1178040.8
2974;1662937.5
1954;849475.9
2338;816974.1
11362;405023.5
2728;777754.7
1377;372008.0
4248;1389423.1
10350;3226937.3
5866;1953481.8
413;275965.9
346;1826154.6
2563;800410.4
3797;321666.0
6001;2959450.2
1925;108613.9
3393;1566488.4
2214;2342593.3
6967;1243783.6
2180;1352192.8
3233;1352115.0
575;2665533.7
4495;970051.5
13548;5217788.4
2251;335031.0
2762;6396419.5
4237;705263.1
3389;179060.7
3765;4694805.8
1867;2218200.5
3636;323952.2
286;66400.0
705;70700.0
3863;623991.1
7;169549.4
3677;2081939.3
3162;383446.0
4506;850380.8
949;142156.3
2511;645668.9
9616;3782368.2
3972;187372.7
5322;2297774.1
3459;788035.0
3269;146560.5
1950;138801.5
9933;5745609.8
1368;216824.0
2046;1273836.2
4544;1299968.6
3357;1068295.0
1730;290853.1
2915;489237.5
12625;4479564.5
6366;1421286.5
3873;255699.5
150;1907168.5
282;752072.5
6936;3512796.9
2844;1294749.2
6034;3229231.1
1659;503516.2
4054;685977.4
4343;820165.1
6033;2365952.1
40;1378941.7
497;2241132.7
2652;2451055.5
256;2097838.8
1966;483456.8
12843;5178875.8
3156;1161755.0
3236;2377633.5
4089;704622.2
4227;2453392.4
663;150143.4
2982;5101107.3
4281;509649.1
12577;3888081.2
1393;699105.2
6122;2034241.3
3268;1499635.3
1295;3735240.5
1315;265801.1
1002;185996.6
4335;861032.6
1445;591511.1
4304;2973583.8
3022;1486085.1
4125;262059.4
782;2226293.5
1736;431677.4
11379;1966499.2
3356;2449800.6
875;118957.0
4320;460510.0
3738;1643743.1
3348;1065504.6
4254;84305.9
2519;491304.4
12416;4944835.6
1561;509200.8
1241;329739.1
2547;286340.1
1607;2248908.3
7291;4940969.2
1760;852544.9
1516;1940425.9
5392;5409917.3
1496;356597.4
1083;1113766.8
1878;284342.2
9196;1607707.1
3830;2331285.9
5067;219843.8
2306;1560257.1
957;71548.7
797;823644.5
6183;2242998.1
2878;747221.9
371;1524538.6
1778;138394.8
2085;521933.8
3446;72400.0
4565;5923504.0
20;2332644.9
4518;4249385.4
1216;3194455.8
1088;514888.9
1543;825599.6
2794;1347076.0
241;135182.8
4042;803722.1
3777;401281.1
747;908905.8
1640;1957153.9
4615;724583.0
9670;1325739.9
4395;1027908.4
726;281680.5
4134;1332372.0
1441;274214.2
3840;253653.6
1129;334046.3
1193;578342.8
3747;519837.2
248;558998.2
4804;183156.8
5487;493230.4
173;229652.9
1787;205667.8
2573;143815.1
1868;415555.3
49;555118.1
1944;1715640.4
1352;875591.3
4551;803727.5
253;1205013.7
4608;1174485.3
2950;931365.2
3545;259214.5
1882;222178.0
138;1240684.0
6551;4843977.9
675;1279065.2
648;432115.3
385;40909.0
5028;3981826.0
2416;259352.9
13803;2292616.0
4499;381209.4
2543;4869950.0
6301;2248824.5
2147;924652.3
4406;1188807.1
8064;4404543.6
9403;2579783.1
645;242555.2
4650;76049.0
4791;2334595.4
4811;1290486.5
1650;743964.9
2556;669458.7
13404;801480.1
1842;1866209.8
218;1256057.3
398;172030.9
235;291780.8
521;695449.5
1797;663612.9
2055;1661452.9
2319;451860.6
2148;5058401.3
4461;2746858.0
1643;266447.7
13694;1744893.0
1009;124027.6
4059;527225.4
1001;175584.2
3741;1165422.2
2318;659005.2
11149;3234748.4
3849;582328.9
9250;589606.4
3159;891008.7
1622;134487.4
756;483803.7
71;476882.4
3217;996112.8
765;1573615.2
4409;137936.1
2467;438822.4
838;885414.6
5801;436087.6
3126;145120.8
4611;996662.0
657;214704.5
3293;1179455.9
503;2470772.7
2524;152514.5
2726;159936.1
1951;164156.1
4048;290686.4
144;2133679.9
3016;711930.9
374;754118.1
1969;382768.9
876;5678818.7
223;1901822.6
3772;1183433.9
1051;541700.8
310;1648312.4
1638;199343.5
703;55762.7
4595;339237.1
2268;2479046.2
3646;1180357.4
55;4941157.4
11911;819575.8
3848;771573.0
79;3648618.5
2333;1331629.5
1100;972136.6
4236;1155616.2
2692;311404.9
1239;7327494.1
1164;72558.3
4512;820824.6
6040;2364167.4
1409;1759009.0
2457;3576590.1
10273;1847553.1
2687;4565692.1
912;451328.0
1745;631140.3
4609;522130.7
2681;1007168.1
4187;779080.8
13971;1470105.5
13921;978399.6
570;333365.9
3616;1381469.7
2971;948707.6
3870;1229609.8
4381;938186.1
2617;958015.9
4690;2251063.5
439;3594226.7
2638;2992509.8
3121;1494828.2
2317;797978.5
321;6036339.0
1939;343971.4
2299;1417660.8
2099;909060.4
6552;794882.3
4401;1488063.7
10702;1183155.2
4559;3572231.6
4742;1094272.9
1894;221700.9
5860;1231220.4
300;2417533.6
10389;2595101.3
3064;731963.6
4686;110301.3
247;226356.1
280;583157.5
4681;473767.8
924;3666989.8
746;1634260.9
4297;244049.9
2033;666387.9
9844;3436975.1
1223;3059326.2
12092;2042321.7
3164;1011290.6
13556;908149.1
1639;2721401.2
13640;1438513.1
2387;3354807.0
3904;2382599.5
897;1680530.5
3149;4537589.2
3140;774503.6
7864;999891.3
3412;446417.6
540;432279.8
3728;997892.6
873;665545.8
3225;3748741.4
5565;1465032.8
4141;1628134.3
664;726351.6
1620;4797384.7
4579;873593.7
3487;1122000.8
1396;1781117.6
1304;156284.7
164;1427182.7
4576;2258125.6
1385;437839.4
6275;1791805.8
7327;321723.7
3436;801305.2
2362;905669.8
2108;898493.4
7102;1277979.3
4624;2069662.9
2871;1134789.3
4679;538546.3
1382;337824.7
2203;1008348.8
1590;984249.2
2112;389887.6
1267;133977.7
2906;295058.1
3029;1900080.5
2911;765946.2
500;1335409.8
809;366987.8
417;694270.6
1602;1000989.6
5526;940579.0
7435;1263025.7
1168;899960.7
834;129937.5
77;5883788.4
3440;168897.7
3338;282158.2
2994;874123.1
4129;208215.9
4937;1239554.2
1308;390472.8
5312;4100325.0
1039;6777468.9
4105;669668.7
224;1408120.2
2059;264036.1
2643;574437.8
603;2868308.2
3167;3209419.4
788;862751.5
2670;695732.6
3127;350282.6
3919;1791295.7
2813;2288969.7
4753;137052.1
569;660478.5
2287;494793.4
1743;606148.1
890;488917.4
2495;2991306.1
3950;617379.6
9417;4299735.3
273;4324413.8
2653;826454.6
25;1608315.1
3097;143406.8
1780;384430.1
3081;2833305.6
640;3332288.0
3519;5996776.7
4190;1679277.0
3924;292081.5
2106;253879.9
4749;3028006.1
11855;1067796.0
1028;1187738.7
3101;210504.0
2125;300083.8
8295;1986732.5
2918;1315060.2
3877;1189516.3
2404;424212.9
2448;630146.5
1603;169963.6
1857;831837.5
1549;409135.6
823;1615271.6
885;541518.2
1835;201402.5
3680;212780.3
3316;665850.5
544;2524943.9
1677;722226.7
2770;1128402.2
2718;554318.2
11121;1938735.1
4004;196287.8
1029;1507832.8
4452;175045.1
5214;2706060.3
978;368986.7
741;1610209.8
11409;5647235.5
4088;704622.2
289;5033327.8
4114;1477355.2
2594;2470244.1
13071;1829976.5
672;781968.9
1012;1764205.2
2302;3995867.3
4198;266609.1
3578;191962.1
4008;978530.5
11319;2623547.1
1674;422635.7
1015;434986.0
4659;1974904.0
1697;1406981.2
1741;148266.3
1973;610824.6
4699;901637.7
2222;807613.5
1066;2963042.8
1486;2197162.3
4158;253174.8
2398;169480.2
4929;795202.3
4460;79344.4
3984;1941798.8
3581;1749697.3
4211;2881268.5
4652;2110044.4
1413;182698.3
1082;2305458.5
2413;1194548.0
3310;1703416.3
3451;1830366.3
3418;1050564.8
2281;763947.1
1149;314398.6
3905;2382599.5
4061;255684.3
131;203518.1
3050;5635128.3
708;860473.7
4218;94100.0
1571;940394.2
2954;447065.1
2328;832197.9
509;393289.0
3231;2347492.9
9675;3606965.2
2948;928338.2
6731;5519942.8
4231;2249262.6
12397;5488220.5
2429;3388618.4
492;752145.6
1218;392656.1
5318;4513076.7
3887;146608.6
1387;1538752.7
4505;2487517.3
2178;582224.0
1524;2320710.3
4053;363346.7
3865;345918.4
2957;159918.3
3827;717766.0
4410;213342.6
4927;71402.6
1371;146712.0
3390;367004.4
3407;2075225.7
4220;1818192.4
3881;421558.3
5319;4513076.7
6469;2321615.9
2706;135359.5
3070;817676.5
1609;745292.8
10096;5834577.2
562;1578607.9
2435;174011.1
5013;962416.1
3571;1884190.0
9202;3002665.4
3273;911304.9
804;168788.9
2618;1941602.1
13231;1617810.4
620;454939.2
3718;158486.7
2431;4659660.6
11491;2201141.9
4882;1132644.9
3538;2400031.3
444;2345819.9
760;363133.4
2647;3074340.4
3341;1347581.9
11050;1475054.3
4707;1786845.6
6924;1741148.4
527;3113846.9
951;486971.4
2183;443059.8
4221;422558.1
622;589317.8
3689;3897780.0
1623;224370.3
3161;971076.0
3582;761618.3
3683;158702.4
1506;546840.9
1474;1538549.6
513;2617955.7
5473;93354.7
4720;1827124.0
4258;1240694.9
437;496576.0
5111;4283351.8
9546;1530344.8
8130;2194930.5
3832;862601.3
10563;5350664.9
4796;581262.7
2517;325614.1
3112;155733.5
3445;666282.3
5928;2059393.3
816;531064.2
5389;740761.6
2889;1706730.7
4322;227063.0
4504;2487517.3
3823;1523279.2
4116;2551202.2
755;697768.5
899;425401.8
1291;1322949.0
2215;591673.3
3543;5301870.5
3088;719646.8
4079;1429084.7
6946;2696271.5
11359;2729966.2
2864;540612.4
1033;563337.1
192;988904.5
1421;2176227.0
1303;429360.4
812;506041.0
2609;1402060.7
4086;672432.4
3861;587362.1
3656;271700.6
573;49400.0
2365;596293.1
250;822283.5
4706;1786845.6
803;168788.9
1775;2845263.7
599;2852262.4
6844;2564424.1
12986;2163590.4
5462;903690.7
4776;898097.3
3502;898831.7
3775;289716.7
2752;206386.6
4975;5250345.3
3395;3317449.2
3184;2361947.1
1762;5983570.4
3521;516721.1
2552;926262.8
2827;306979.4
4371;2033678.3
2009;71954.0
3795;425954.4
2862;537801.6
2095;740058.9
4782;140958.1
4030;182259.5
1391;869058.7
381;188708.4
1306;659494.7
3651;159193.2
3574;1503911.7
3536;653128.1
4328;1893781.9
653;506925.7
10517;2628219.2
2655;350371.1
2803;152425.4
4169;1380564.6
2583;289991.4
1852;1396871.5
4316;937573.2
2320;1136802.6
712;288485.7
1439;1894560.6
5093;3183608.0
1784;819212.5
3602;3357110.4
1566;641608.0
3089;87593.9
19;789487.0
1322;681311.6
4748;360823.2
1601;1000989.6
1636;437488.2
3804;657009.4
2097;346727.2
537;3438980.3
2814;2318241.4
4028;665359.7
1685;3436127.9
3562;636964.2
4552;803727.5
1977;206434.4
9276;2471222.3
2769;1600019.5
2408;597497.1
4007;978530.5
3427;1556880.4
2044;3240362.0
2194;1544046.2
1637;1328676.2
3206;197478.2
3943;475663.7
7195;5045008.5
2186;3683027.2
4260;667981.3
3595;2445753.8
3560;282729.3
956;278231.8
1402;605587.1
409;381968.4
2969;141884.9
2625;868691.9
4723;1470116.2
4050;1299560.1
1530;557366.2
1041;231585.1
1;377626.5
2820;524337.7
5127;989416.9
11687;1197558.2
2787;1067172.0
322;419893.4
3597;123940.1
743;2175415.4
2209;685725.2
264;1493404.0
3475;857850.8
3063;2497182.2
3821;2632550.3
2421;221142.3
6112;1000963.2
1459;479297.0
277;1307099.9
489;3107926.8
3344;582145.2
1326;976631.8
11195;2901714.4
4405;2909578.5
4408;137936.1
4458;1900085.0
1714;1615272.4
1222;596953.3
2141;2229689.7
6567;4531969.7
1045;760139.4
4307;369277.6
8489;323974.5
1179;784381.1
3525;907876.0
3858;663872.6
494;674251.8
13590;1640556.7
3518;1177024.7
368;213483.2
262;1131380.1
2646;711766.1
11372;2168855.8
1280;2853429.7
1021;428587.9
3113;1122166.0
1429;138272.5
1995;804356.7
3473;832108.5
4536;5441866.3
2529;2766709.0
2367;799322.6
3394;1149839.1
3915;2429020.3
5236;3134488.1
450;352589.6
3491;242391.0
4497;1285904.2
5409;4773864.4
667;446030.2
2614;527666.6
2736;1074345.7
2058;6303630.0
2943;211780.5
32;3481424.4
4489;344001.2
2270;403472.8
3799;602540.2
3643;1125459.9
1114;2795731.9
1781;428627.0
1968;1856467.2
3558;250085.7
669;679431.5
3710;822326.6
504;1814444.3
1605;303520.5
4831;89300.0
4331;1955088.0
2598;287701.3
3094;701308.1
12810;2539781.2
10960;3386538.7
4588;1673859.7
2359;2171199.5
2901;428069.1
12221;1121550.8
5563;1821351.4
1507;546840.9
3091;349542.7
6468;1047421.6
3844;859706.0
11329;2574858.6
11701;3160074.9
3509;2668590.8
1162;617353.6
3132;341039.0
3410;589147.4
4760;1093980.6
3588;2481001.5
2745;2685563.1
2134;322307.3
3481;341546.4
47;816654.5
894;422640.5
1345;1187374.9
2364;1320040.0
3743;1984225.7
2144;1504303.2
3074;1829847.9
3036;1375431.4
4339;1267648.4
3117;147469.9
2041;848443.1
194;475231.3
4580;452448.1
798;1093679.3
2378;344143.2
2440;2798475.5
13490;6404484.7
2293;1247407.9
1283;589232.8
7914;4461896.7
2291;1744302.2
1746;210795.8
2833;277634.1
2116;381497.8
2080;1949045.5
382;188708.4
410;1494008.5
1482;416743.8
4203;405880.2
4314;379701.7
671;605513.4
2276;584544.6
453;713744.6
1947;474171.7
141;625731.6
2713;2106433.5
285;66400.0
12376;2449037.3
2576;1328054.4
3547;207817.5
3041;755746.6
3129;1234872.6
3292;2136748.3
1353;3586092.7
10090;1004233.2
793;615958.5
2135;1718633.5
2853;1358848.4
3123;328831.9
531;5868731.4
4762;1543168.6
11093;4704603.1
114;6757999.1
121;1699516.5
3228;1619775.4
3874;761168.6
2848;845445.1
4368;927742.3
1165;1091987.2
2667;271589.1
487;671563.5
7324;958783.4
13412;3429594.7
3833;471921.5
1779;2349117.6
3618;1626933.0
2701;765102.4
1646;132695.2
2487;232693.1
3147;786197.9
1347;2198333.0
937;126344.9
364;5390884.4
571;156850.3
43;700346.1
13051;1229900.6
2562;929611.4
1885;1874561.8
2298;2612003.6
3157;2834334.8
1265;1202444.9
961;486579.9
240;525719.3
2043;609248.5
343;291370.4
2514;623032.9
3398;1885879.2
5858;2972808.0
10988;349182.7
2188;712229.0
918;206689.5
2686;4565692.1
1472;479231.9
1078;191403.1
471;4529412.9
1214;3551880.8
3152;966972.1
1752;246731.3
2715;6551666.8
2280;334140.4
526;3113846.9
2879;4941901.0
6691;918827.0
3250;410954.9
3426;401337.6
3673;1345771.2
3000;109095.3
3275;696881.5
3654;143348.0
2000;492919.3
2074;1215910.6
2633;4853315.7
472;810766.1
2775;346327.3
3405;5791136.4
1107;906435.5
1186;732284.8
6893;1379565.2
3540;5617388.1
1555;2764986.3
583;5562648.7
2791;423542.8
4170;1380564.6
4785;294799.2
1395;1446671.5
4119;2791075.9
6299;4360964.6
486;641830.0
2946;348500.1
2155;1539783.0
2086;33400.0
2936;1006613.0
391;627889.1
4334;1680695.4
2521;548050.9
626;5191731.1
1275;3273589.0
1211;618921.8
5308;1562790.1
1517;1507104.7
3011;4876131.6
12359;829130.6
464;1627814.1
4820;1140307.3
4655;1162185.0
2759;2493958.2
4341;444211.5
17;210658.0
564;179293.6
3903;1530530.8
1887;276796.2
2645;478529.6
636;204968.8
4510;606269.9
3860;1391202.9
1127;141607.8
783;516745.2
3380;863643.0
5237;891534.7
4602;2762331.2
1316;1228445.3
5128;4608526.5
1424;783211.9
5420;1172966.3
4685;266628.6
5366;4887794.3
778;2588084.4
2243;623908.6
4243;472789.6
1870;434760.5
3118;147469.9
5433;4030533.4
2010;415663.0
1718;2468874.2
4727;3579405.3
853;1279763.2
12729;786502.2
365;857836.9
4102;632163.1
12643;2187977.4
3737;2556939.7
1901;1215482.5
2260;383431.3
3880;1303998.8
1582;253356.9
4305;338116.6
2391;3143790.1
1101;406421.7
1588;1758530.5
4124;695921.6
597;3177178.7
5761;3455700.8
2548;800050.6
3100;724406.6
953;655081.9
3485;174966.7
1475;897556.8
4049;1905707.0
2788;1584503.8
4862;1007732.0
9914;1172105.0
4244;253809.9
3205;197478.2
716;580263.3
2374;1837377.9
166;54000.0
2852;1183894.1
4264;419569.1
474;2519818.5
3420;167258.4
4445;92727.8
2205;1735368.0
813;687225.0
416;694270.6
12738;796053.2
2999;2306769.2
2042;431002.7
162;742484.0
1833;2088982.4
2089;649755.5
3769;1261945.6
2910;752639.7
4585;1439458.0
1673;390415.1
2863;537801.6
11131;1189610.6
4660;328976.1
4133;2452395.5
182;725656.4
874;118957.0
3005;798998.2
1314;794117.2
5827;1373636.7
1273;276448.6
3312;691989.7
11545;2898461.5
5727;2607538.8
174;1533259.6
482;125183.4
3812;1675883.4
4704;554166.4
4225;2196834.1
1473;423761.5
13346;1740445.2
4439;917375.6
5320;1902160.2
5826;1373636.7
1529;1191490.3
324;1767556.2
3753;151736.0
9973;5255817.5
4466;862779.3
965;166195.1
4861;739091.1
73;227127.0
606;461733.4
1365;383600.0
4573;748318.3
2540;159946.1
647;234714.7
1847;1015522.8
3635;274402.4
4196;1212735.8
3555;591352.1
462;171379.5
3388;491948.2
709;116974.1
1175;264916.0
429;341339.0
605;896170.8
2008;1386720.5
438;1606261.9
2013;2553993.2
837;885414.6
4289;990079.8
536;2700411.0
6616;5222163.8
3716;3537911.9
1952;3878073.4
3934;244348.1
4152;131959.3
4372;718706.5
2355;3415740.1
7011;2056619.1
4194;1034712.9
618;376147.4
973;1105973.3
2688;7337128.4
209;3087298.8
2128;1480883.4
2558;681917.3
3203;1196679.9
655;2286722.1
615;1042776.0
1074;337367.6
4159;253174.8
395;287658.4
2076;328285.9
4464;1615656.6
11754;1173886.2
2240;335919.9
8;651521.1
1014;692071.6
10043;2995949.2
2388;1692756.0
2930;1468366.7
384;2888199.3
4172;2018064.9
4238;5619323.4
697;166963.7
4821;2172781.4
3186;927233.0
1821;1093254.6
2621;1019772.2
4188;1469700.8
3234;205021.0
2582;414763.1
2767;562084.8
2902;536645.5
3391;871006.8
1753;538615.0
2149;581821.8
861;2879621.0
3013;1178040.8
673;885277.4
4215;2485746.5
1209;5350346.5
1154;395452.9
252;219590.6
117;1344570.4
3931;537196.0
3714;3257857.1
1949;1629061.4
4025;1105521.3
1128;292715.6
2933;2168346.1
3554;591352.1
1827;2987900.8
1037;2001244.1
512;3372087.5
1749;606367.2
2997;1495270.9
2636;722391.4
5704;391675.5
2650;3054254.5
1856;831837.5
2509;502990.5
2007;1156049.6
2817;393587.1
4145;771775.4
1075;817675.2
3965;172287.8
4498;381209.4
3375;766018.9
2679;1491434.6
524;511082.3
4534;649775.5
903;362738.8
8738;1239496.6
4207;1836927.3
3530;3315386.3
4433;1922203.8
1261;3812220.7
6892;1379565.2
7339;824244.2
171;630967.4
9664;3343106.6
1226;3370389.8
1683;809977.0
11286;1723365.8
1908;743967.2
2115;542618.0
610;237241.8
1351;1438590.7
4253;415359.3
50;601064.0
12756;3417263.9
2411;1749801.7
4167;2592121.0
11976;652131.3
3422;663769.3
8610;798852.7
4099;1067889.5
700;437667.1
780;635790.2
2480;579431.8
4027;665359.7
2300;1132737.0
13044;2007906.5
12050;3788652.8
3664;55139.4
799;1093679.3
3608;2213207.8
1828;2105180.3
4056;1463662.7
773;70865.0
2145;560610.5
1375;467599.8
1700;3684631.5
10275;1903252.8
3191;1743423.1
3992;1481000.7
1090;484284.6
2003;826553.0
8598;6392335.7
2962;446540.8
11360;2729966.2
13750;4631269.6
4478;5621797.0
3018;226360.3
988;349574.4
2616;958015.9
1814;1496376.9
2130;1580309.3
1854;470548.9
2880;995552.0
2072;600367.0
4520;1370332.1
4717;55878.3
2635;4389881.7
96;237118.6
3811;824281.6
3105;2401668.4
1120;2084754.8
2883;443852.6
1030;1780996.6
2532;1303178.9
1654;1275819.6
5606;1244325.2
92;2478514.5
1751;630531.8
3526;907876.0
2960;172981.5
2742;3517893.5
3658;527488.6
2947;570173.1
4417;2735098.4
3945;6279458.8
2998;1353487.2
3796;321666.0
4318;2045635.0
3621;318686.0
3076;476867.0
2129;4297859.3
3093;256047.3
2396;959020.3
4548;1888902.2
992;1273071.6
1071;99690.2
2436;171377.1
3243;823928.8
1666;176011.3
28;2105818.5
3657;271700.6
558;189995.3
1776;370174.9
3917;1683068.5
4450;1286679.7
1425;509332.0
3302;1356693.4
4012;541837.0
631;2031742.4
6408;1991606.5
1058;108379.3
4630;673916.4
1166;901743.2
4561;745002.6
108;537083.8
9820;2623896.6
637;227998.0
1050;305176.3
3803;657009.4
596;1013021.8
3580;411783.9
1522;2185181.0
2170;373301.3
2549;312832.5
8393;1860223.0
3248;400729.3
1419;594889.7
623;842327.7
534;427391.7
2789;519144.6
4930;810751.2
3135;2817664.4
5263;1330011.6
345;1826154.6
3527;1337427.2
5334;601009.1
3235;1880020.0
4469;559223.6
1366;4307413.2
3761;430104.3
2196;171423.0
4037;465382.5
2122;3915816.8
4949;582992.5
1585;1135095.6
1587;554059.0
3208;72993.1
234;563428.6
3372;252430.5
2324;765559.7
10046;3775132.7
3708;324605.0
3720;560725.3
4002;616252.7
4800;1421082.9
243;1724821.6
4181;1236214.6
1611;1137205.7
64;301829.1
9569;2882984.6
8366;3351619.2
4438;938246.0
754;3397889.2
4183;1179616.8
1668;3661373.1
3969;1629458.7
3535;488822.5
13246;774395.4
1414;2094717.3
2447;630146.5
915;252239.9
3421;1249274.3
2502;696723.9
11686;1197558.2
4713;210293.1
2584;2780319.5
387;809501.2
501;2035154.9
2727;159936.1
13469;806993.1
4431;292348.3
971;342540.7
4436;375566.4
5617;3689292.4
1577;190988.3
1331;504486.7
2269;2802327.5
1294;384568.3
3115;2940081.5
2030;1298108.1
2578;2916988.3
1257;814727.0
4163;220167.8
4166;1373495.4
1572;548419.1
5358;796772.6
2423;2926629.6
3942;3727147.0
3245;1011785.7
4399;300422.5
2515;1673768.3
2310;1568150.5
383;2888199.3
4877;2427409.4
7855;419999.8
1112;378257.9
1980;1715572.5
4224;1208351.2
4094;3226816.3
11638;2506606.9
2426;375356.9
3791;2562006.0
1296;3108136.1
7863;3054163.9
1624;736932.7
451;298040.1
8677;1316063.9
9274;3371966.0
3758;418993.7
3513;860844.2
4337;3139427.9
4582;305899.7
2806;1742114.2
2949;88748.2
4483;487913.0
5774;1247462.4
2560;1746625.2
435;190980.7
563;179293.6
11943;4806533.9
4809;350692.2
1022;613535.1
734;108158.1
1895;33400.0
2403;5087283.2
151;3173857.4
1367;216824.0
9997;2744066.8
3054;1590860.3
1520;646111.3
2224;143060.9
2275;423765.9
12802;1441128.8
2220;1787400.6
2090;649755.5
4107;1243789.2
4664;259475.4
3457;822623.9
2221;1787400.6
2892;518513.9
3607;3181736.0
6422;951342.2
10198;6306714.2
4427;268999.7
1656;840520.6
3329;181011.4
4149;345134.4
3190;148319.1
4068;162821.0
3807;335946.5
2119;79070.1
4234;484647.2
11978;2154919.3
4802;390192.6
1091;68114.1
7632;2860349.3
3601;3357110.4
6501;1419659.8
3641;3347136.9
3988;1559047.9
2530;3956576.8
1840;247677.9
3371;117080.3
4404;2638925.2
3339;297407.9
2029;892327.0
4600;1045447.2
4290;2337602.7
10475;2669138.6
13539;6665857.8
2857;510047.8
10564;5350664.9
815;580132.4
3166;2009369.6
2952;2890362.4
2066;4300564.7
1725;481323.2
3516;824977.0
1062;1727400.2
4164;227097.9
2140;290409.9
4745;3395269.2
3490;242391.0
2344;842713.7
2432;803313.1
10714;1003181.8
2332;1331629.5
4733;3280301.9
4437;938246.0
7434;2898187.0
8777;845070.6
4013;218207.3
4385;1444247.8
236;672821.5
560;93700.0
3679;212780.3
3669;2005784.3
1960;208586.9
82;919370.5
5012;870672.5
695;855032.7
3914;183008.3
2409;522167.6
9915;5557728.7
546;919579.7
3497;216496.3
1206;267258.0
9995;1030207.9
4730;153440.2
2011;257832.7
22;417081.2
3911;3141898.3
1528;1330397.6
1370;2931190.6
2341;267150.3
1575;724277.1
3687;6178956.3
3644;2164909.2
4276;174258.5
72;701098.5
4115;503636.1
1052;1214292.8
3229;551449.8
3713;1385606.1
593;4319762.6
3707;795676.1
2819;268412.6
3482;2486446.4
3;3243070.0
3143;529163.4
4472;858168.7
943;308208.7
13931;3299082.2
4511;2846631.2
3455;4362100.7
3746;154456.7
1935;543825.8
1812;3294422.6
4246;1665248.1
2896;782350.4
4288;1315610.0
2012;257832.7
4606;2645011.9
706;1203425.9
2591;682515.3
13276;217904.5
586;1899832.8
4651;516857.3
13468;806993.1
2676;1362635.3
1024;1357703.8
2261;383431.3
6474;1787922.4
1521;746558.3
4353;2933249.3
4272;799763.9
8510;629779.1
1744;345740.9
5977;2472045.4
4178;789194.5
2308;1504927.9
100;2389074.6
3294;1223469.3
4790;1171751.3
4029;334064.5
1562;509200.8
554;844830.7
3478;239547.0
4093;147947.1
882;158008.8
588;2372883.5
3837;558864.0
1504;614569.1
9593;6400473.0
2869;237933.9
5468;1914117.0
3819;153604.6
930;77800.0
611;521785.0
8096;743548.5
12908;1800563.3
2607;351505.8
1288;1041407.8
3611;330676.7
1027;1187738.7
1340;287660.7
3970;3130563.2
4239;300239.5
4355;112745.0
1336;3050575.5
3609;2213207.8
257;122055.2
1811;713592.5
1299;300616.2
13603;1844685.9
2164;2637491.7
2499;824483.8
1687;459587.4
3083;1545474.8
2899;688755.1
1136;784218.7
4415;726108.6
3104;262204.6
4836;1852083.3
4300;1143709.7
4642;2824143.6
4032;204260.4
820;1440167.3
4177;2417872.4
3912;366264.4
2663;390335.5
643;567875.4
13923;604374.6
4994;2250477.7
3331;1285405.2
1542;825599.6
7797;2125927.9
442;134302.6
1754;1758891.4
1599;1379380.8
205;1060349.1
2146;2678237.5
3784;691298.0
1690;2574059.2
11327;1062515.4
775;743737.3
3369;1825861.7
938;2818995.1
2587;2662541.1
2893;580885.7
3739;2119682.8
2826;1198086.9
7423;2997550.6
4448;2064997.2
4798;790066.6
1649;1058698.5
2312;270203.9
3579;191962.1
2358;2171199.5
1481;434823.5
3876;291018.5
3017;574915.5
2231;433702.8
5753;2638558.3
3702;212483.9
886;3320495.8
964;862348.1
3230;657419.3
1943;605278.6
2697;1437703.1
658;214704.5
7100;4415814.3
2084;521933.8
13690;5465210.7
2424;169647.9
3066;666016.4
97;4840822.3
5384;2010087.0
1595;807784.3
6571;737033.6
3871;1229609.8
2518;325614.1
4085;1570253.8
4756;1442040.7
684;524189.9
1046;400738.9
2484;210867.9
789;316108.8
499;281159.0
4175;2032713.7
1450;2118265.9
3634;274402.4
824;860294.9
5478;684599.4
5273;2680152.2
7127;5205363.9
561;1500492.2
1648;1058698.5
940;1485796.9
1070;305704.0
1172;568157.0
10201;3338555.9
3141;302672.9
1729;1184193.8
4972;766931.7
1861;940588.6
3927;518413.2
2417;412173.6
9702;4303965.7
4202;966364.9
3563;636964.2
3447;366280.6
4441;3231779.1
4711;1582417.1
2694;290157.4
1559;1463158.1
4446;1599438.3
4528;513416.7
4747;360823.2
1963;300070.1
2778;2295253.7
4480;33100.0
1635;437488.2
1789;868467.5
118;174718.0
3938;149579.3
3082;2526997.6
2237;1022154.3
5189;82554.5
1449;3437219.5
825;542849.5
351;2149286.0
313;812542.4
342;830432.2
4109;982759.0
4554;286213.7
68;1809265.3
3240;224916.8
3399;604080.5
3246;262664.4
1535;1654924.1
4698;2910843.8
609;416256.2
4206;1677946.2
1922;967530.3
11676;381210.3
1862;4331947.6
1989;3632471.6
4570;1013917.0
2193;2883811.8
3462;1064329.1
3468;278174.7
2386;448297.9
4338;1487941.7
1122;266994.8
3684;478655.3
590;1332342.5
9834;3719383.0
128;1858511.6
2083;1539551.9
4402;691027.4
1337;463588.5
5398;727872.3
12432;6030615.0
1957;1714724.5
10282;2831596.3
2496;784688.1
4344;463399.2
6485;4792869.4
4349;458900.1
752;1046762.0
2450;397410.3
3770;745678.5
3438;1537281.2
3908;477566.6
1986;828210.2
388;682446.7
254;1418152.6
879;1128266.7
8356;1572336.6
5365;2151670.9
2414;2339931.4
843;106102.7
3961;1235914.2
1803;474073.1
4453;2589877.1
3106;248103.9
866;921581.1
3645;1398253.9
169;2205418.3
140;1614285.2
4786;2482917.8
5521;3960439.0
3373;417612.0
991;623428.2
13151;1204236.6
8076;583603.7
999;2505434.4
3408;2075225.7
3045;446692.6
185;1891767.2
960;237580.7
3852;1940868.3
3342;562703.9
13588;1807892.0
1157;4585459.1
4527;1784493.8
2657;1804491.0
1025;3377510.7
1464;295203.8
3376;1174627.8
4361;565827.6
465;466496.1
3425;1576449.4
137;157831.9
6067;772252.6
1886;278523.6
5245;1977974.0
3185;3562778.3
1115;227905.4
7980;2316225.1
1809;223549.1
3056;2543047.7
3835;602078.2
854;2254563.3
8667;2030731.7
1836;3955824.1
11304;1273238.1
2551;598111.2
4695;329957.3
2182;443059.8
6698;3726249.0
2639;78500.0
1217;176594.3
4715;3743593.8
4569;1724834.1
883;86371.0
2669;344804.4
3027;394727.3
3850;480786.6
3196;1198066.5
98;1424108.1
175;663494.1
