10365
1104
1349
1418
1485
1956
2200
2392
2531
2718
11069
1136
1758
2085
2305
2578
2738
2778
3072
3131
2708
2749
3379
3429
3452
3807
5632
695
7637
8
7099
787
796
9156
951
1004
10215
10807
1431
1514
1664
1877
1906
1965
2056
1006
1543
1608
1648
1753
2442
248
3128
3161
3255
1276
1398
1424
1812
2009
2018
2157
218
2268
2359
3487
3563
3778
3816
3877
799
967
10079
1356
1381
1382
1785
1875
194
2278
2449
2498
530
6051
9307
5726
6061
709
901
962
3734
3832
4746
5648
8094
827
879
971
993
1504
1547
1603
1604
1742
1999
2256
2346
2890
3417
1710
1994
2025
2134
2151
2177
2400
2460
2488
2533
2884
3156
3158
3184
3190
3258
3344
3617
3704
4008
281
2834
3135
3178
3531
3678
461
58
6226
7184
10036
10320
1122
1129
1239
1248
1264
1321
1628
2007
10049
1050
114
1317
1582
1646
1744
242
2897
2986
1044
1217
141
1413
148
173
180
1891
2133
2141
10019
1285
1474
1590
1848
1862
1985
2364
2487
2924
795
855
882
1153
129
1366
1546
1626
2114
2472
2499
2515
2651
1691
1920
2059
2078
216
2398
3291
3443
4768
522
2644
2789
2808
2915
3179
3241
3299
334
3553
3786
323
3378
351
361
3660
3728
387
5572
823
961
10904
1100
112
1470
1728
2587
2799
2896
3074
3494
2349
2701
2702
308
3090
348
3496
356
3582
3646
2353
2572
3060
3162
3468
5362
59
903
9104
989
520
6866
7815
7966
826
8261
1322
1454
1610
1733
2209
221
2210
2601
2979
320
1007
1060
1294
1337
166
1777
1792
1822
1995
219
1323
1502
1799
2205
2274
2376
2480
2673
268
2744
525
77
89
904
9645
6083
678
9179
1190
1311
1468
1790
2105
263
2688
2770
3220
3370
1059
1297
1667
1682
2008
2484
2584
2636
2658
3152
3236
3304
4000
7176
9051
9093
1177
122
1471
1564
1766
1950
2176
2254
293
294
1983
2289
2384
2405
2425
2452
2577
2614
2985
3359
2383
239
3119
3320
3525
3731
377
3795
3834
3856
6138
715
79
864
893
930
9750
9869
2663
299
3011
3012
3030
3066
314
3275
3317
3383
793
8645
8919
899
9627
2995
4293
561
600
680
3423
3543
3651
3677
3825
3972
4047
4383
4725
5313
1211
1423
1600
1806
1894
2033
211
2197
2567
2909
275
2764
2923
2960
3005
3067
3129
3130
3303
3384
2214
225
235
2999
312
3242
3510
4287
65
7231
2394
333
3547
3586
3613
3631
3854
3893
4171
4439
3292
3457
3567
3614
4321
5740
587
690
9790
264
2857
2880
3211
3218
3324
4423
4475
508
651
3298
3938
469
5126
6636
72
767
9703
6265
674
76
9153
942
3412
3419
3573
3979
3992
4377
6353
898
9353
3848
3875
544
577
581
740
747
8680
10710
132
154
2079
2762
2931
3140
317
3490
3581
3550
3922
3933
4059
42
424
4626
534
586
863
3745
3777
3914
4132
4144
459
4631
512
5735
64
3347
3350
3618
3724
3852
4255
610
7926
804
10134
1568
18
1978
2258
2552
3114
3125
3243
3309
2833
3451
3539
3609
3640
3913
4014
4445
5001
596
3197
3233
3355
3369
3590
3610
621
631
716
7769
1128
1414
1464
1698
2453
2695
3061
3183
3301
3865
3390
3453
349
403
645
694
7445
7733
1312
1432
1451
1538
1683
1716
1839
1852
2022
2066
3335
376
3874
3901
4342
506
5708
582
585
7674
1033
1063
10762
1120
1199
1393
1523
1815
193
2223
3050
3142
3382
3701
3928
615
660
6792
8051
869
10911
1460
2073
2119
2279
2586
2623
2675
2715
2872
3612
3657
3799
4081
4214
7082
81
832
896
9491
1127
1179
1256
1594
2074
213
2266
2560
291
3557
3897
7011
783
867
97
992
1467
1495
1596
1638
1684
1718
1902
2101
212
2172
3671
3706
3759
3986
513
780
907
10343
10361
1072
1587
1650
1701
1986
2514
2634
2742
5369
571
588
7636
7828
295
2962
3254
3556
3596
36
3675
397
409
4514
3461
3462
3561
3708
395
4332
4503
8564
909
752
8169
1019
121
1270
1325
1573
1574
1632
1751
2135
2461
518
5263
5477
5878
5944
721
735
764
875
887
66
662
6699
846
1073
1219
1634
1649
1719
1761
1913
2226
2301
2378
10351
10436
1090
1159
1436
1512
1572
2069
2088
2136
272
2964
2980
3250
3365
3408
3641
3656
3891
4078
34
3529
3532
3814
3889
3944
4131
443
4484
652
2350
2403
2522
2588
2703
3118
3300
3702
3747
3911
327
3307
3837
3867
4245
4526
4650
484
7181
825
2360
2555
2597
27
2892
3052
3333
3339
3534
3790
1139
1144
1419
1559
1652
1946
2187
2342
2637
2710
1134
1196
1271
1339
1404
1577
1611
1750
1832
2062
10404
10973
1208
136
1796
1847
1921
1927
198
2086
104
10788
11186
11265
1346
1566
1947
2213
229
2290
2621
2768
2832
2956
3278
418
4784
5065
9235
3530
3537
3555
3961
3970
7262
9897
2819
3334
3493
3519
3545
3971
3973
4253
4462
53
414
576
612
671
968
816
821
929
949
2457
2594
2641
2645
2743
2987
3009
3085
3217
360
33
350
3564
3589
366
3906
4092
4156
430
540
240
243
2450
2541
2592
2837
2932
3229
3968
4102
10439
1081
10963
1221
1332
1411
1575
1602
1724
1907
1031
1226
1338
142
1745
1811
1837
1952
2220
2850
357
3629
3645
3700
3866
4105
463
5395
5758
6649
1359
2047
2229
2409
2490
255
2595
3483
4467
698
11027
1189
1352
1395
1503
2432
2750
2950
2970
3055
14
1681
182
21
2158
2166
2307
2372
2469
3043
1517
161
1615
1885
2057
2182
2227
2234
2239
2503
2969
368
3680
3845
579
9631
1091
1188
1223
1306
1493
1537
1703
1876
192
1945
1156
1222
145
1469
1757
1840
2096
2112
2276
2361
572
6397
820
918
937
9707
990
1195
1251
1329
1767
2367
2717
2854
3033
3093
3120
2162
2294
2904
296
3210
3606
3959
467
4937
675
1241
1265
1280
1361
1746
1808
1870
2530
2696
2700
4408
442
462
470
647
711
743
9024
9656
975
7437
786
880
8856
910
924
1124
1477
1642
1655
2288
2329
2842
287
3154
3559
4026
410
71
9548
9549
1260
1593
179
1909
2521
267
2871
2877
3463
3772
8411
9006
96
9828
3982
477
496
61
649
658
9031
9633
2712
2763
3038
3436
3721
3722
3930
3987
5215
5724
2191
2242
2459
2767
2839
2997
328
4109
4225
4456
290
2940
3039
3669
3788
3871
3903
4093
5602
620
244
246
2470
2625
3599
3626
3639
3850
3954
413
8073
3736
3813
416
437
5317
5423
751
8260
9673
622
682
6927
708
778
9037
916
9242
4448
4994
515
5445
5591
643
7857
8784
2052
2858
3028
304
3101
316
3234
3392
3822
427
1011
10644
11244
1194
1787
1818
1826
1960
2147
2184
2894
3086
3143
3267
3311
3440
3445
3621
3732
3885
750
766
9263
10364
10411
11382
1214
1284
1327
1658
181
2387
2397
10018
1524
1736
1756
265
2760
2781
2993
3205
3212
3271
3302
3554
400
5472
62
704
734
775
7795
109
1103
123
1784
1853
2067
2089
215
2241
2292
3102
3104
3725
3752
3886
5290
6400
6602
831
939
2539
3006
3216
3290
3470
3719
3765
3842
6715
2081
2525
2534
2590
2800
311
3175
3522
3824
435
10148
1362
1369
1373
1498
1975
2055
2536
2732
301
2483
2505
2818
2827
2838
3013
330
4794
50
920
3552
3715
3920
4379
438
5891
699
124
1528
1903
1953
2034
2550
2888
2895
2930
3121
1008
1305
1435
1487
15
1686
1765
2144
2199
232
3711
3781
3808
3967
4437
714
727
9201
987
991
710
7565
8742
10906
1117
1227
1407
1737
1764
1821
1977
2211
2454
3523
359
3876
3905
4240
4296
481
5196
523
5267
601
614
6358
6425
659
7045
801
3962
4336
4416
4537
5927
6062
756
798
841
9225
10202
11111
1113
1234
1358
1385
1434
1472
1759
1825
10711
1237
1301
1570
1939
197
1989
2011
2080
2107
2257
2315
2428
2686
2820
3361
3769
3907
3924
4858
913
977
2506
2619
2674
2692
2713
2824
283
2955
2992
3147
9041
3654
3872
4361
4471
5387
5442
605
627
6281
6363
3827
4091
4337
536
5505
6495
759
10266
1173
1597
1599
1612
178
2170
2386
2433
2446
106
1180
1450
158
1789
1869
2032
2053
2244
2445
10663
10812
11328
1732
2222
2299
2439
2617
266
2664
2829
2881
2959
3088
346
4260
480
6434
757
8316
3124
3180
3265
342
3714
454
472
859
9236
9826
4519
514
763
768
2706
2878
3575
3592
3638
3753
3775
4
641
1020
1029
1176
1198
1233
1287
1458
1491
1542
1614
915
2399
2527
2548
2883
2990
3571
3587
392
4534
637
10738
1102
11054
1178
1388
1438
1699
2010
2159
2852
1380
1619
1647
2027
226
2382
2509
2647
2746
2780
125
1372
1394
1669
2110
2275
2393
2464
2756
3015
3249
3266
3312
3652
4276
447
51
591
7
8153
234
2341
2605
2628
2720
2729
282
2953
3089
3280
2561
2816
2882
3063
3391
3577
3723
4681
5700
7523
1074
1357
1475
1565
16
1613
1696
1711
1919
2005
1228
1387
1637
1641
1930
214
2377
2693
3031
3110
1152
1505
1592
1861
1981
2048
2479
273
2847
2856
8041
1238
1263
1275
1421
1798
1845
274
2929
3112
3139
932
19
1967
1968
2072
2321
2355
2465
2475
2661
2958
220
2243
2493
2540
2627
2825
3032
3035
3485
3568
6930
819
822
927
982
1170
135
1426
156
1739
190
1955
2143
2362
2370
3238
3520
3681
638
725
755
857
998
683
8519
86
1057
1244
1578
1591
1886
1925
2043
2175
2259
2413
2489
2606
2681
2804
2885
3059
3188
3230
3367
3381
2544
2876
2879
2968
3025
3225
3435
3697
3812
402
2945
3016
3127
3407
4473
497
6273
7049
922
1242
1258
1360
1401
172
2313
2379
2569
3111
3810
1797
210
2602
2790
315
3297
3363
3401
3418
3515
6505
677
758
7721
884
923
2907
3070
321
367
3942
4447
487
5429
8038
925
10131
1662
1717
1928
1991
2003
2312
2381
2420
2451
2807
2901
2973
324
340
3601
3688
3696
3798
4268
691
829
9030
9583
2725
2898
2917
3200
3526
3836
3838
3949
4127
5181
365
3720
3833
389
425
4264
524
6440
737
789
1141
1340
1549
195
2036
223
2253
2557
3551
3821
1010
1039
11231
1145
1266
1544
1636
1645
1866
2037
3904
3909
4150
573
609
850
953
1052
1250
1473
1630
1974
2099
2322
2448
3027
3134
773
842
4589
486
501
5194
8972
7136
845
943
657
68
702
7745
8533
8625
90
978
1096
1146
1996
204
2050
2212
2501
2919
3349
3472
5541
589
6592
812
8982
9140
24
2563
313
336
3486
3703
444
465
562
6289
1015
11359
134
1484
1555
1754
1774
2327
2887
3029
1014
1088
1309
1342
1731
1895
2455
2556
2754
2939
4033
4320
516
6738
8132
9159
960
2921
2928
2966
306
3076
3474
3484
3683
3687
3804
331
3424
3679
3805
4803
498
580
762
883
2598
2801
3007
3513
3637
3908
396
5481
6922
900
1026
1083
11096
1118
1151
1246
13
1350
1588
1819
1101
1164
1704
2195
2207
2366
2424
2656
3376
3427
5164
590
655
664
848
8628
956
972
3403
3422
3705
3750
4538
611
6472
6473
717
8381
946
666
7418
7487
870
919
926
1445
1500
1695
1773
1897
1957
2161
3057
307
3167
11021
1236
1492
1601
200
2012
2020
2115
2138
2363
8896
895
966
995
1062
1379
1562
1609
1794
199
2532
2570
2630
2685
458
466
47
568
594
629
8492
902
9241
99
2046
2094
2306
2755
3276
3310
3809
3849
390
4204
10220
1030
1071
1607
1898
2091
2638
2741
300
3372
3221
3338
3444
476
5120
617
70
9034
10001
1232
1509
168
1816
1959
2002
2140
2250
2330
1053
10884
1130
11320
1253
130
1689
1786
1851
1899
3542
3616
363
3815
3859
399
6157
665
673
7594
701
9
11013
116
1353
1653
1752
1867
2071
2434
2526
2549
3146
3206
3331
358
3695
4034
538
7465
803
806
305
325
3698
3964
3985
4354
551
5650
607
63
934
954
2408
249
2796
3024
3413
3499
3562
3754
4010
445
3501
3620
4463
5358
5767
760
771
8327
91
9333
1055
10789
1480
1631
1776
1855
2045
2310
2406
2707
847
3281
3368
3517
3650
3826
3858
451
4894
800
8092
3454
3661
3819
383
3953
4415
54
700
8931
10068
10440
10630
1112
1318
1856
2407
2648
279
2863
1109
1252
1347
1918
2019
2185
2564
2758
2926
3098
8330
894
9504
1045
1336
1482
1501
1651
1707
184
1984
22
2247
10728
11333
1213
1536
1788
1804
1941
1982
2013
2121
2167
251
2862
2977
3251
3315
3354
35
3605
3649
3328
3373
3665
3692
3793
3823
5256
560
656
7562
2866
3068
3149
3196
3296
3389
3600
3624
3811
3855
1016
1354
1520
1659
174
1829
206
2077
2300
2438
1182
1657
1863
224
2357
2649
2723
2935
3092
3213
3482
3693
3737
3919
449
493
639
75
997
1046
10694
1108
1161
1257
1267
1384
1446
1551
1665
1040
1114
1137
1272
1448
1854
1884
1908
2006
2933
3138
3174
335
3459
354
3739
404
429
578
9265
3940
4003
4356
5118
719
722
748
8759
885
2593
2665
2672
288
3004
303
3109
3322
338
3410
1209
1617
1723
1872
1963
2190
2261
2788
2998
3001
2574
2608
2632
2908
2918
3099
3192
3668
3843
6510
1080
1363
1561
2240
2352
2589
2761
2792
3232
3253
3394
3574
3717
5125
519
6902
7274
4283
5066
5385
67
811
1660
2063
2104
2150
2332
2615
2721
2893
3450
3647
3844
4119
575
732
911
988
3684
3916
3998
4082
411
4729
510
7190
7485
784
2535
2639
2874
2972
3396
3448
370
3966
3977
4052
4375
504
5372
569
693
80
814
817
10297
1218
1310
1324
1803
1970
2271
2295
2347
2456
11349
1532
1844
1892
1933
2040
2054
2076
2203
2296
3491
3895
3898
3902
3993
475
574
613
718
1158
1207
1304
1377
1412
1496
155
1791
1936
2016
2431
2951
388
3884
428
4580
521
5546
625
7101
101
1093
11
1192
1235
1259
1518
1539
1624
1793
2946
3171
3247
3358
3402
3405
343
3682
423
5133
4258
3393
3558
3633
3738
4013
43
503
633
7606
8558
10280
10613
1079
1254
1383
1616
1749
1874
1901
2118
2365
2371
2612
2711
2734
2803
2835
302
3274
3321
2092
2473
2694
2914
3115
3518
374
3868
3912
535
1243
1444
164
207
2179
2335
3151
3170
381
4208
11325
1200
1308
185
2165
2575
2843
341
3415
3460
1315
1348
1441
1443
1506
2233
2246
2344
2369
2410
1068
1140
144
1606
1714
176
1917
2084
2679
2910
7957
865
9337
2753
3064
32
3430
3783
3830
405
4134
4588
509
88
945
10
1009
10105
1295
1440
2103
2270
2476
2934
3023
1481
1838
2142
2218
222
2255
2314
253
2757
3077
4753
5868
602
676
706
810
996
9513
2849
2983
3173
3259
3357
353
3648
3767
4527
598
853
944
3187
3489
3709
3764
415
422
433
4969
543
595
1097
133
2252
2339
2562
2739
2791
3058
3316
3580
3261
3507
352
379
3935
4995
559
6512
782
7824
2496
2504
2580
3327
3506
3541
4266
570
7861
888
2389
2610
2774
2967
3080
3504
3565
3726
3801
3936
4086
488
52
6118
644
742
9591
973
10670
1133
1286
1371
1416
1486
1783
1841
188
1962
1076
1721
1770
2640
2776
2805
2823
3176
3524
3527
9138
3931
3946
401
421
5
7765
2444
2766
2798
2826
3113
3282
3674
3789
3955
4140
3252
3549
364
505
5912
6701
684
9188
981
9833
1827
1868
1905
2537
2690
2860
2974
3042
326
3377
2971
3000
3186
3566
3576
375
3882
4035
4352
558
1023
1172
1187
1351
1402
1408
1490
1585
1705
1976
994
1210
1557
1878
1924
2287
2293
2519
2520
2810
2899
1078
1107
1149
1184
1437
1992
2044
2116
2467
2581
3861
44
779
957
3256
3397
3398
3870
4480
650
6678
805
852
965
741
877
3751
3851
3918
4090
4434
511
616
7203
731
7632
10774
1126
1478
150
1672
2082
2225
269
277
4143
11123
1225
1390
1430
1581
1640
1768
1881
1980
217
3664
37
3950
3990
546
563
603
6158
7033
7520
8639
871
10063
1049
10679
11042
12
1525
2042
2338
2585
2722
1249
1255
1273
1335
157
191
2189
2232
2486
2517
1047
1142
1548
1990
2146
2216
2414
2429
262
3155
4442
6463
765
8127
828
9433
2678
2886
3223
3380
3974
532
5952
7990
872
9510
2524
2677
3199
3239
332
45
542
553
57
6306
2415
2436
2545
2812
2988
3145
3570
3863
3983
3996
9560
1958
2354
2714
3521
3578
3584
3742
672
854
938
1135
1508
1526
1915
2772
2784
3078
3583
3716
434
1032
1056
1729
1805
1931
2090
2111
2633
2699
2942
139
146
1510
1530
1911
1926
1938
1988
2113
2126
5366
539
628
636
808
813
843
856
1013
10562
1070
1334
1427
1455
1722
1888
2231
2282
107
110
1185
1269
1375
2396
2795
2811
3003
3153
873
897
9192
1022
1082
1307
1576
163
1782
1940
2123
2174
2183
2437
2554
2571
2603
2831
3224
3285
3892
5742
7559
3595
4159
4458
453
4576
502
632
761
7614
921
6321
906
9422
455
5593
7123
802
839
8688
10451
1216
1439
1540
1541
1668
1820
1916
2516
2666
3718
653
753
7753
10065
1344
167
1961
2160
2391
3082
3294
3655
3847
1027
11053
1247
1527
1571
1762
1951
1966
2468
2994
103
10645
11317
1231
1397
1461
1627
1802
1817
2152
2497
25
2867
3185
3262
3273
3438
3456
3498
3538
3122
3375
3431
3743
3756
3806
3818
4055
531
754
1262
1558
231
2356
2523
2922
3270
3318
3332
3593
10915
1183
1410
1479
2553
2680
2736
2861
2944
3017
1507
1622
1680
170
1969
2023
2771
2813
2836
3245
624
781
1042
105
1168
1780
1859
1896
2021
237
2492
289
3037
3075
3091
3168
3214
3602
384
3991
420
3108
3428
3432
3516
362
3779
4470
5343
8158
969
1292
151
1800
2173
2542
2916
3045
3051
3479
355
791
809
9635
685
979
3733
3794
4358
874
878
9455
4088
4343
730
7607
917
9227
9814
2375
2596
2604
2709
276
2793
2821
2840
2954
298
1488
1519
1954
2131
2319
2547
2676
3352
3572
3670
3622
3653
3672
3860
3883
3958
3976
785
824
928
100
10445
1106
11138
1697
2206
2337
2351
2646
2705
619
6461
733
745
772
9646
1061
1092
1261
1453
1769
1865
1964
227
2481
26
3923
4263
548
866
6064
7052
8505
9859
1017
11362
1288
1515
1835
1858
208
2106
2148
2611
2041
2178
230
256
2599
2657
2747
2936
2952
3026
1038
1051
10940
11141
128
1316
1685
23
2374
2502
3237
345
3945
4346
4368
4385
4596
4616
5483
55
2728
3022
3164
3465
3791
3881
3894
3975
4161
4190
10905
1201
1465
1693
189
2122
2600
270
271
3094
7713
7859
8489
526
5698
623
6511
794
952
2302
2624
2912
3062
3362
3598
3792
3820
3869
4715
3385
339
3588
4103
4413
473
6097
618
630
720
2558
260
2963
3749
6148
6686
7774
3163
3166
3227
3404
3591
984
6706
8523
861
947
4066
483
635
6609
8173
851
8547
862
886
940
986
1205
1483
1623
1735
1943
2058
2108
2180
2201
2423
4355
4476
468
5213
5984
626
6806
686
73
890
3
3325
3337
3662
3952
3978
4195
446
478
5072
2156
2385
250
2654
2889
2913
3087
3148
3395
3544
2752
2773
2814
2903
2991
3084
3105
3137
3191
3226
1405
1598
1635
171
183
2263
2421
2642
2671
3126
3248
3446
372
3771
4389
554
565
726
892
2336
2463
2660
2731
2737
2779
2845
2947
3036
31
8225
912
9928
126
131
140
1633
17
1772
1834
1887
2325
2441
1064
120
1580
1671
1860
2221
2340
2668
2875
2900
2667
3010
3348
3353
3503
3758
385
3926
4116
4550
10022
1203
1331
1625
1656
1890
1922
2049
2051
2485
412
5011
6034
6040
6950
729
738
8268
936
3056
3658
4493
6688
93
95
2328
2435
2507
2629
3053
3079
3240
3495
3763
38
373
5794
5991
688
744
914
9377
830
858
963
985
3840
3846
3887
398
450
471
5428
834
8957
9199
3169
3306
3319
3533
3673
3735
3965
4424
4454
4727
3455
382
3857
393
4488
566
593
654
687
6924
1034
1132
1169
1174
1274
1289
1313
1406
1534
1715
3132
3189
3387
3411
3439
3442
3492
3632
3644
3694
127
1463
1690
1929
2064
2095
2264
2318
2458
2471
10257
1036
10607
1299
1328
1392
1516
165
2235
2949
10857
1094
1166
1330
1545
1810
2065
2154
2192
2430
3604
3782
4079
4543
489
7944
8039
1002
1125
1154
1522
1781
196
2
2153
2194
2655
1012
113
1215
1298
1314
1365
1556
2026
2447
2759
1303
1476
187
2000
2035
2303
2390
2765
3106
3181
3272
3314
3360
3773
3797
528
749
959
98
980
3947
4414
4825
5129
5870
697
7401
2775
2841
2902
3676
5283
6910
908
2616
2794
2802
286
3048
3329
3336
3536
5228
7424
2719
3193
3343
3699
3984
4286
770
78
790
1000
10650
118
1734
2102
2169
257
2745
3046
3049
3202
329
3366
3579
3757
3995
4173
452
537
8998
2635
2782
280
3323
3623
3828
3896
3921
3951
41
8149
8377
931
4948
507
545
5837
606
7156
7844
891
3497
3508
3925
3943
8405
500
7454
833
950
1521
1675
1979
2030
2124
2291
2568
2583
2733
2853
7907
30
3288
3346
3386
3466
3478
3597
3615
3988
406
3279
3548
3691
441
4418
4511
4852
964
1058
1193
1494
1579
1833
2028
2097
2573
2691
284
8772
905
10093
10243
1644
1904
2075
2127
2267
228
2280
2324
6
669
8926
9677
1110
1147
1378
177
1871
1935
2217
2304
2494
2687
10233
1165
1171
1391
1771
2038
2297
2844
2976
3330
439
4981
533
6872
7894
837
840
1018
10478
1370
1879
245
285
3222
3643
3690
3755
1155
1368
1466
2401
2418
2546
2724
2855
3041
3071
1
1024
10520
1085
1150
149
1778
1937
2228
2331
10652
1095
1374
1666
1726
1801
1843
2024
2061
2219
11271
1160
1230
1403
2440
2652
2740
2996
3096
3116
2920
2978
3014
3209
3941
431
49
6985
8026
8341
10942
1333
1341
1586
1712
2029
2620
2698
3133
3326
9472
2443
2846
29
2989
309
3268
3399
3406
3546
3802
974
5092
541
8159
970
3636
3727
3927
9484
1054
1277
1345
1367
1452
1563
1589
1605
1814
1971
3509
3512
3663
3770
3999
4659
4949
556
597
6453
807
868
933
9493
3117
3172
3194
3748
4071
4237
4330
5692
7890
797
11065
1550
1554
1663
1809
1893
2334
2751
2873
2957
2631
2981
3228
3351
3437
3511
3774
3939
4186
4273
2906
3021
3208
3305
3433
3625
3864
3997
4309
4405
517
5250
8212
935
2500
2566
2817
2859
2864
3246
347
3689
3917
4128
1066
1396
1740
1831
2269
2348
2491
2927
3667
3915
10656
1422
1456
1688
2004
2204
2237
238
2582
2869
3880
3899
40
4427
4533
5305
7240
8776
8934
941
1028
1138
1355
1449
1621
1725
1828
1900
2245
2416
1116
115
1245
1326
1442
1499
1567
2215
241
2513
5357
555
592
679
739
7997
8027
958
8320
860
9424
11295
1186
1319
153
1914
2083
2132
259
3269
3835
1813
2358
236
2528
3235
3289
3374
3502
3505
407
1048
143
1447
1727
1944
2865
3201
322
3426
3634
3768
3787
3878
3948
4743
550
646
774
7819
2474
2508
2868
2891
3345
3425
3785
3803
485
713
3263
3293
3458
3514
371
386
3969
4386
552
705
1075
1115
1720
1743
1949
1993
2208
252
3710
3784
2659
2727
3284
3434
3528
3635
3776
3890
3957
4001
278
2905
2911
2937
2961
3040
337
3371
3464
3594
419
6555
69
703
788
836
1089
11079
1296
160
1679
1747
1882
1932
2017
2576
2309
2323
2380
258
3449
3981
479
4863
5817
692
6897
712
85
815
9730
9731
2965
3712
3760
3980
4009
4158
5063
7542
9403
549
640
492
5574
5628
736
876
889
1087
1157
1654
1738
1857
201
2163
2311
2613
3409
464
7133
8321
8713
9167
102
1302
2060
2373
2870
3047
3157
3287
3780
4121
4301
474
9052
976
2982
3069
319
3659
3746
4349
456
491
6856
1069
1105
2422
2579
2851
3008
3177
3994
436
4999
2482
292
297
3018
3083
3103
3141
3144
3476
3480
2806
3204
3471
3628
3766
3817
728
8114
82
1077
108
117
1399
1674
1741
1997
2236
2326
2650
1291
1583
1708
1973
2109
2511
2609
261
2653
2670
3862
48
5024
5033
7965
9203
4618
547
6030
792
838
84
3841
564
567
6075
648
777
849
9883
7180
7618
776
9208
955
3839
3888
39
3932
4254
426
5661
689
746
7546
417
557
696
83
844
8475
9494
3796
3989
460
5269
8566
1043
1425
169
1706
1880
1987
205
2402
2477
2495
10345
1111
138
1497
1620
1910
2139
2272
3019
3107
1021
11327
1429
1584
1673
1692
1972
2149
2155
2224
4130
4269
432
4478
584
8899
10152
10954
1459
1535
162
1678
1775
1836
2164
2281
3044
3195
3264
3283
3729
3741
3960
408
440
4438
2510
2538
2591
2684
2925
3020
3160
3182
3421
3560
2787
2797
2809
344
3535
3910
4099
4318
4347
604
3469
3540
3585
3603
3608
3713
3963
8129
9640
1206
1513
1700
1713
1830
1889
2395
2716
2726
3097
4660
7449
8085
9017
1005
1035
1037
1123
1181
1268
1293
1560
1702
1763
1204
1212
1320
159
1760
2070
209
2125
2186
2265
3231
3308
3364
3569
4851
490
4907
494
5622
5774
152
1529
1824
186
1934
2260
2333
2417
2419
2565
2697
2777
318
3219
3467
3730
391
4328
4585
5422
10493
1065
1220
1281
1376
1948
20
2285
2345
2830
2230
2388
2559
2622
2783
2938
3100
3244
3286
3342
3686
3934
3956
4259
4350
4774
56
599
9528
1003
1229
1823
2015
2068
2262
2298
2607
2662
2689
1067
10799
1086
1240
1420
1552
1677
1709
1912
1998
10227
1511
1670
1687
1795
2001
2039
2087
2130
2316
1197
1417
1553
1694
1807
2093
2286
2343
2404
2551
10005
10558
1098
11135
1121
1730
1846
2128
2137
2427
1279
137
1618
2196
2411
2466
2730
3136
3203
3260
3477
378
3800
3937
4069
4329
5180
5270
529
608
119
1389
1629
1779
2117
2193
2317
2543
2618
3277
