3848
544
2808
3241
740
1043
747
1425
334
169
2531
1349
470
4315
1956
3250
4078
3656
743
442
138
3019
1111
3660
351
1620
4765
3378
2587
13404
42
534
3933
991
4573
3922
1728
3550
64
3777
3914
356
710
4631
2349
2155
2702
3090
4117
652
3814
924
443
1758
4163
3131
3529
910
989
2353
3060
59
1932
2749
3447
3379
3452
796
3747
2703
2588
3300
71
3911
3702
1431
4317
11083
3741
1648
1753
1006
1543
13931
4661
248
4731
825
327
1454
4892
3347
1733
3724
4255
3350
2209
2210
3852
2555
3534
61
2018
218
5117
3790
3339
1424
2009
3539
1007
1060
1995
4644
4037
596
4461
1294
2833
1799
3610
3355
4060
2376
2673
4836
2274
621
1502
4313
77
2684
3487
3877
3563
4627
2613
1654
1857
2449
2278
4382
1785
2956
1356
2768
2832
3278
4556
3047
694
1190
3370
1790
349
263
1468
3220
3390
2770
901
1148
2579
436
3008
3994
1667
1059
2484
582
3152
4342
2636
4622
1682
1297
3480
1725
3832
879
827
971
2482
4203
3236
1713
1084
1206
2395
1742
4554
2346
4797
4619
3970
3961
3417
3537
2256
2025
3971
2533
4778
3545
1994
4412
3493
2460
4668
122
3382
615
4046
3701
3142
3928
4023
1950
660
3184
1674
671
2326
1741
3344
4678
4630
482
3158
4089
949
929
2511
816
1583
58
3531
3678
4344
360
751
1321
2007
2645
3813
437
3085
2987
1248
1123
3359
4612
832
896
1293
2614
1163
3799
2425
1317
430
682
114
366
4098
33
540
4156
2986
515
643
2450
1217
4102
1044
240
243
4016
4637
3119
3897
3856
3525
2383
4675
209
4241
2984
4553
864
4523
2418
2417
3275
780
513
1934
907
152
3831
3759
314
391
2995
1281
1065
2388
668
4383
1726
3651
3286
1095
3100
2938
2622
463
4105
1862
1285
2924
4708
766
3866
2487
1590
3254
4004
36
4174
1894
763
4514
2567
768
1600
3130
2960
909
3303
3005
1003
3067
1229
2689
4503
1343
4043
1119
1420
1709
312
2786
2214
4028
65
882
735
4597
887
2394
3854
4482
3893
721
3631
764
4050
3457
2093
4040
2343
2404
690
1807
1730
2427
2137
2857
846
1098
2128
66
2730
3762
74
72
3203
3298
1364
1366
4688
129
4795
3680
579
3416
2969
2499
572
990
522
2059
4761
4411
1691
820
2398
4604
1389
1779
4180
1001
829
2088
4821
5325
1090
1512
4032
3959
2904
2294
2644
4465
4782
3299
3786
3875
2477
2948
2249
647
3365
1485
2200
3408
4685
3891
4408
3490
4403
2762
3781
4369
3740
3711
317
2079
4437
1100
3074
9250
3494
2799
863
586
4059
1470
3745
2701
308
3944
4484
2085
786
4026
2056
1965
1004
410
2350
1664
3118
1906
1514
4526
96
4650
3128
3707
3255
1462
4245
484
5398
3619
804
2979
4138
3618
2601
221
320
610
1322
2251
2552
4295
1568
4240
2258
4431
3905
4296
3243
2892
2597
1812
2157
3002
658
477
3333
496
27
4261
614
1792
601
3913
659
1777
4445
3640
1337
1139
3930
3722
1946
773
835
3987
5215
3436
2637
2480
3369
1323
716
3197
3590
3233
1832
4589
501
4109
2839
1577
1271
2062
4555
1611
1796
943
136
1847
290
3871
4067
2940
3788
4567
2453
1464
4416
756
4521
3183
3865
1698
4192
4212
60
3599
4085
702
68
2283
978
2290
4706
2625
194
1875
4784
645
3453
2688
4041
4788
822
3361
4745
2257
3473
2315
1683
819
5334
4101
3901
913
506
2584
2658
585
977
998
2992
283
1393
1815
2955
1199
2619
3520
193
3555
1603
1604
2890
1504
1547
3334
2488
2134
1710
2151
2819
4462
2177
4253
2400
2254
2176
10066
1177
1564
293
294
4381
380
5397
612
2650
1997
2236
2586
4361
2119
2872
4777
2675
605
2715
3872
4188
261
1122
3009
2457
3900
3736
416
1129
1037
2384
4214
1035
2405
1268
2985
4077
1582
1744
350
2897
778
916
4092
3564
622
3589
759
2266
1127
1179
3827
291
3557
2074
536
1256
141
1891
1413
2133
173
8726
148
2932
6485
2837
4068
1332
3101
2858
2052
1221
4042
1411
642
1575
2829
4324
1467
4340
3088
212
2172
4129
1638
1684
4749
2419
4705
342
1072
3714
3124
4726
4303
1701
1587
4586
3143
4320
516
3440
5141
1031
4302
1952
3086
960
4541
588
3825
357
3700
4572
1474
4805
4634
1848
2962
1806
295
409
4519
4826
2033
4724
1423
514
2047
4176
13588
4123
2490
255
3483
4425
4210
2229
4432
3708
4591
2607
2015
2923
2068
3384
4287
3775
1325
4
2461
1632
1386
121
4673
3592
1019
1395
3055
1189
2950
2432
3271
883
2970
400
5472
3547
1670
2469
14
3043
3886
2307
2372
5281
3752
182
831
1850
2227
4145
3470
3765
1885
1517
4420
2182
4600
1649
1719
2378
4284
4426
3571
884
758
2226
4534
4695
1153
2515
4501
3845
2114
2651
1546
4206
368
311
1493
1091
956
590
2081
1188
1945
2525
192
2361
2096
50
2827
1156
330
2818
5046
1757
2276
937
918
881
3443
1251
3920
699
1195
3552
3093
5353
1329
2367
2854
1572
467
691
2162
2069
2917
1361
3836
1265
1746
3838
870
2898
3526
1241
1528
3249
1953
51
7
3312
4665
1903
2930
4276
1104
462
975
2718
3641
2980
1418
4333
3953
282
2199
3661
2341
1008
1765
1435
2605
700
987
4564
3581
3140
154
727
3642
895
1655
2329
1124
365
3559
2842
789
4510
2975
4681
1117
3063
1821
1737
2816
3723
1407
2211
1877
3772
4371
1909
3904
2871
1260
1593
4256
3463
3909
2442
3837
3161
4399
4617
481
12344
3125
359
3876
1978
18
3523
4809
3982
1639
1822
3451
842
4601
1419
1559
2187
3721
4552
6944
2712
328
4225
2997
1339
1750
1196
486
2512
4456
2459
620
1927
4441
845
4093
3039
3903
1921
4525
1128
4336
2695
1414
932
3061
4137
3159
2213
4704
3850
229
413
246
3954
1566
657
90
2661
4308
3459
1967
1968
1113
2072
1385
2355
4063
885
3568
1989
1237
197
2825
2011
6114
1570
3035
2066
3924
3769
2820
927
1312
4647
1839
4810
1432
755
2674
2824
2223
725
2692
1033
1523
3147
2713
3050
4636
1471
1460
2073
3654
86
683
627
1050
4337
4757
7043
1173
3188
2885
3381
1599
1612
4558
3394
1724
3234
6644
589
3028
1907
304
4820
4304
812
3697
1180
3435
1789
4283
402
4716
5201
3812
1450
2617
266
3127
3016
2222
497
2439
3407
2945
4473
9
336
562
444
4485
1960
4453
4658
1011
465
4766
346
1495
5347
2881
1596
2101
757
1718
2959
769
859
4033
142
3313
2220
3311
3732
2850
1837
5284
2894
2197
3556
3675
2368
397
3596
4628
2909
698
1661
63
3804
2928
2397
3484
2387
4692
607
3683
1284
762
4282
3679
331
3424
1756
2760
2781
265
498
641
1751
3753
5393
1270
2878
3638
2706
2135
3575
4074
4691
1176
1458
1797
510
1542
871
2790
3297
5236
4532
62
3302
3554
1352
775
2750
1503
2462
4504
2241
1784
123
3007
2801
2292
2089
2067
1103
3216
3290
3006
3719
2239
2539
4798
1073
1634
2527
4061
392
677
1219
2301
2883
2990
2769
5002
2159
2852
487
1178
4790
3942
321
1699
1703
1306
435
1223
972
3824
2509
2901
4709
2382
4268
324
814
504
3696
3798
1498
3403
1362
3422
3685
4804
2732
3750
707
4561
2838
4794
2505
1222
2112
1469
4141
145
7100
1840
2717
4229
1394
3368
853
4975
1669
1372
3441
2275
5149
125
3200
1280
1808
1870
2530
4127
2696
4583
2034
3652
447
3280
1686
234
4789
2729
3819
2953
2628
15
3089
3154
524
1642
995
4147
3833
4264
4593
966
287
2882
894
3577
1977
2561
1711
4540
1919
10960
4653
4365
6886
1565
644
251
1549
5152
195
1340
223
3821
2253
4769
466
902
2755
1636
1039
4682
1266
4258
4388
1645
4723
2046
3328
4390
2693
3110
3823
3373
4167
4548
1930
1641
4444
4243
267
4150
953
4714
4560
2877
3931
4901
2856
5
1861
3946
1981
4547
3389
2866
523
4767
1052
1630
3338
70
3221
3027
1473
3444
617
997
1275
493
4489
274
3112
3919
2308
639
7863
2242
2767
3639
1825
354
994
2958
1759
578
4502
3739
2465
1434
3032
748
719
4479
4003
2243
1939
722
2107
4380
2362
135
4100
303
3410
3861
779
3322
156
338
857
1120
6967
1063
3681
1578
2908
394
2608
1057
4062
2632
3192
741
4248
1096
3349
673
399
204
3472
2050
2919
3859
1996
2170
2386
1202
3367
4011
1597
178
3717
519
3574
1602
1081
4516
2032
3225
2879
2053
4149
1869
2876
3025
922
2147
4326
1818
3486
2563
1826
3703
1787
313
4524
538
4515
134
8217
4034
3331
4265
1754
1015
803
4623
1088
1731
4354
4083
1014
3985
2455
818
325
3621
3885
1338
3267
4164
10070
2379
3844
575
3111
4687
4648
4662
2313
988
1658
934
4632
181
3474
3805
3205
4793
4578
784
3684
1233
3916
315
3515
3998
4012
1287
4812
734
3908
2598
1853
3637
900
4142
3513
396
3499
1819
4486
2408
3413
1118
249
1026
445
602
1164
2207
3376
760
5108
4338
2424
91
2366
1101
2548
4281
923
637
2010
4447
2907
5462
1388
367
2518
3070
2312
2171
3396
2381
1991
1717
3966
4052
2003
2535
693
340
4409
226
1619
4744
569
2027
2780
611
3215
717
4154
301
1373
1975
2483
3650
3826
3015
2110
3858
2756
3281
3491
3057
3902
1897
4464
574
3993
3167
3895
4262
448
232
2138
4546
495
625
2012
2951
2020
428
2363
388
543
4189
2407
979
4157
422
2863
279
3187
3489
3720
670
1252
3261
4974
782
3507
2019
2758
4449
2926
3935
3095
28
3327
1984
203
22
1336
4266
570
2247
856
843
3402
636
3247
3171
1283
343
1562
1379
1941
3565
2610
4925
1982
730
4343
2121
4802
2389
488
1074
2862
52
3605
1613
973
1696
4198
16
47
99
3849
3310
2094
2037
4242
4360
4204
4151
656
2377
3031
4508
527
4806
1637
1387
3738
3558
43
300
1071
2638
4297
3393
1898
4721
3600
273
3811
401
4148
3196
3149
1592
3068
4877
2448
476
2322
4244
2099
4796
1974
2444
1520
1659
4762
1829
1016
745
1354
4557
2438
2140
302
3595
2734
2002
2365
4159
453
4201
3274
3092
224
684
4590
2357
1182
3213
3549
5028
2935
1798
1238
4563
1845
3139
3693
3482
2929
1905
1108
1046
3377
2537
2974
5107
3923
4036
4239
1053
2473
3115
1899
130
4364
2694
1253
3912
535
1040
375
4035
2006
1854
5441
3186
1137
3566
3000
19
1472
335
3485
2493
288
1170
3004
3109
1426
190
44
2370
2672
2143
4401
852
1617
1872
4760
2261
1209
3397
3398
3870
1591
3668
2043
4732
2918
3843
877
1244
4507
1886
2352
511
2761
1080
4807
1363
2240
3253
3851
4090
1595
1146
2212
665
865
3815
2681
2433
3059
2804
2184
1194
4813
2071
1653
4588
509
4451
3356
32
1752
3064
1867
2887
3695
2327
358
1555
1484
1774
3146
3206
3029
2939
3964
1748
2556
2615
4603
37
2893
3950
3450
2104
2941
4755
2150
1242
1258
172
2569
2602
4082
1614
3418
4155
4213
4010
4027
706
13
676
3562
1151
4753
3620
4463
3501
3427
1704
4522
2656
5358
94
175
3259
1480
2849
1055
1631
2045
1776
791
353
2406
2420
4223
765
3977
1928
9433
254
2874
4442
828
4316
4325
2886
532
1803
3974
1310
1970
2456
1409
2076
1532
2203
542
1892
2677
2040
57
3199
1844
4594
718
1957
613
2161
1445
1158
4730
851
4205
940
1936
635
1377
3863
2016
200
1290
2115
1236
2431
3884
4580
1601
3578
2354
672
11
854
101
1539
3521
3742
2683
685
3709
1318
1112
433
1856
1097
2339
2562
3580
4372
3316
2252
874
878
4358
1347
559
3098
379
1109
1651
4196
4104
2580
3541
1045
184
1482
4199
2504
808
4663
2946
423
199
2570
1794
1062
4833
2630
3504
4221
2967
4088
4979
663
3936
4429
1213
2013
742
2977
3315
1475
1143
4073
959
3054
3797
2840
2954
2375
3272
276
298
3883
3524
1191
1770
4549
8342
3976
3176
1721
3860
897
3633
873
4279
3372
633
4013
4575
2091
2741
2479
3296
2554
4280
2098
1254
1901
3340
1749
2603
2426
1079
4928
2300
3955
619
4140
2826
2766
2077
3789
3674
2835
2371
502
632
4458
3321
1232
1959
2250
4576
1657
2690
3042
548
326
1161
1827
1257
1665
4395
10303
1786
1689
3518
3868
558
4696
1272
1448
2971
4312
1908
3882
1114
1175
207
2179
455
1444
2335
3170
4579
4992
381
1308
341
3460
753
4113
2165
4781
3415
185
3718
329
3579
1490
3757
537
3202
1172
452
1976
2178
4385
2810
55
1210
4346
1489
4571
345
4275
2899
891
4505
1078
2728
1149
507
545
3894
3465
4450
3538
2497
3262
2233
2344
688
3273
2246
1443
1506
176
830
4822
531
4051
963
2202
144
3431
1714
965
1963
2998
2413
4398
3099
2175
2574
3873
3065
1561
2589
616
3751
3232
3918
150
269
4209
2225
4707
277
1672
526
952
623
3598
1225
833
4715
1581
1881
2912
500
217
1640
2434
2549
1353
624
2526
405
781
3430
4134
3991
10
3023
420
3075
4499
2103
1295
2270
3091
546
563
4334
3664
3108
4801
3432
1481
2218
2314
3428
3481
3077
2255
4657
2585
4396
630
2338
4234
4103
720
3588
339
4153
1083
3754
2785
2796
1350
996
3024
4853
2232
2486
157
1255
1335
2963
191
3749
260
2983
2707
4387
5461
809
1548
2146
1990
3591
499
2216
3227
2429
3155
262
3448
2271
2678
4065
4649
1224
3198
2295
332
9616
553
2524
2296
2054
2812
2436
3570
862
886
3996
483
1791
3145
2545
3584
1041
1624
1518
1192
1958
938
1259
2714
986
626
87
434
890
4476
4355
3207
2772
1135
4376
1729
1931
541
10145
3978
2111
3662
4195
1032
2090
4341
12163
3733
2791
2889
4814
4235
3927
3395
250
310
2385
3727
2113
2496
3506
11947
3682
3405
628
2774
3080
1536
917
3630
4457
556
2752
1455
4582
1070
3509
3226
712
3770
3084
4373
2709
1486
2604
188
1371
1783
749
3773
1416
4414
2676
3352
2319
4267
1954
4642
2131
3572
4539
565
4323
1269
2396
2795
3771
4389
1375
2811
3153
2776
4667
3527
785
824
3958
4699
2805
928
3622
1607
1030
4125
3172
2845
1782
1307
2174
4237
163
1576
2183
2731
1106
5189
3676
2206
1697
2705
2337
2646
100
4615
2571
4752
912
1874
1616
3892
2798
733
2330
2803
2616
1964
1769
2794
227
4404
4640
3336
4490
2481
1384
1267
2860
1243
147
164
948
4472
1017
1835
4286
2611
790
3699
208
2106
1288
3503
4319
935
1820
4116
3348
3353
1439
1540
1541
4694
4713
1200
653
4173
2599
1402
2747
1585
4677
230
1187
3026
3366
4697
280
840
439
1316
3951
3896
23
41
128
4368
4811
4139
1557
1924
3945
1878
2520
3791
2116
2467
2044
4190
4161
3881
3975
3081
3022
936
2160
729
3082
738
3847
3655
4327
2391
4602
1027
1527
1571
1951
3056
2994
1762
4331
1966
3658
3079
1802
38
2152
2328
941
3240
2435
3899
369
1315
1348
2369
3498
373
914
2867
3185
1441
2600
1465
3508
4348
1201
2122
1693
3925
3094
3497
2679
2748
3743
3806
3818
754
1140
2910
1068
2084
4610
3332
471
2356
4353
398
1558
92
4406
4108
3306
3319
3965
2944
4771
4454
3533
3673
2680
1410
1126
794
2082
1969
654
3857
1622
4625
4488
2771
4733
566
2813
950
2302
1768
5736
3792
3062
4743
3787
3492
4274
3132
237
550
3439
3387
646
1440
3214
2476
4124
3779
3516
1838
253
2142
1525
618
1049
3385
473
2189
2558
2517
2173
1800
1873
4079
151
661
4734
489
355
3045
3166
6391
1142
2988
1207
1304
1496
4066
3983
155
2058
2108
3399
836
1099
2201
788
2989
29
2443
4531
1526
4595
1915
3583
974
3078
73
1508
686
1056
446
3337
478
970
2026
1365
1556
3597
2943
3386
432
1012
1569
4015
3148
1911
1530
1938
1988
139
4469
2100
3087
4791
3512
4659
1334
1013
1888
4305
4587
3105
3191
2282
1635
1598
2263
2421
933
183
171
6844
2642
4748
2303
187
2390
1428
4418
4511
3106
3691
1457
3279
98
1962
2596
3314
3947
3607
2547
1519
1488
697
4608
107
892
3248
3003
4466
554
372
726
4018
3653
4792
2336
3748
797
815
2626
4071
1082
4160
3036
4741
2775
2902
2325
1887
4495
1834
4186
2631
3351
3228
3437
126
1865
905
1261
1453
3048
1092
26
3329
3536
2802
2900
3305
2875
120
4624
3864
3433
4053
3997
2340
3193
118
257
2745
4226
4664
1734
2102
6
3049
4436
4550
2516
1668
517
3926
2667
3010
1916
3758
385
256
1408
4635
2041
1351
4187
4720
2817
347
3246
1890
2051
1331
4641
2049
2566
2502
1685
837
2782
3921
1038
606
1107
1344
1961
4394
93
2468
4689
4493
95
1397
4533
5200
1817
103
4427
2629
2507
1231
270
271
189
3943
3887
834
231
4193
450
3840
4017
1183
739
555
3735
4424
1479
4772
4185
3017
1507
170
393
593
382
3245
4298
860
2836
687
3502
4742
1169
2528
1289
84
3374
236
4294
3289
1780
774
1042
3644
289
2492
105
2021
4211
3694
2508
776
3803
713
2264
485
2318
2474
2868
1690
1392
3458
2949
1299
1328
4509
371
1036
4277
3514
1521
2568
2733
1979
4136
2978
3209
2030
2920
431
3957
2727
83
4492
3434
4001
2192
2154
696
3776
3051
3782
4455
3479
1849
4543
2916
3796
2937
337
3371
196
3464
1522
4057
3594
2911
3802
4542
2423
724
1735
1943
419
4402
1483
4179
4269
3346
1298
30
1314
3466
2447
3478
3288
406
2188
2654
2156
1510
1814
2380
1589
5326
4054
4310
258
787
2309
1277
597
2814
2991
2773
1722
4693
2903
85
3663
3126
964
1303
2000
3548
4430
2035
4562
1476
408
4397
2097
1193
3195
1494
3283
2573
4175
1058
2947
1940
3117
4330
1022
2779
1809
4756
4009
4021
5243
4158
4107
1893
4606
3980
2981
4273
1676
1772
1633
3939
6546
140
4446
1433
1131
1671
2668
3208
4670
2221
736
4405
1860
492
1064
4639
4232
1644
2925
228
4498
3560
89
4314
3020
3046
4126
2666
2304
5312
4318
1147
2787
678
344
604
1110
4075
2038
2844
3963
2297
1165
2976
3469
1771
3540
3713
2864
3917
4779
1656
1625
2500
464
2485
5217
1883
2198
3915
3667
1066
2927
2735
4643
474
2491
1396
1688
491
2237
4739
2869
456
1456
3746
1422
2004
1028
1138
1828
2416
3734
4746
993
3141
1900
4422
1567
241
4400
2806
4452
115
82
2215
4483
2513
4494
3755
1879
3690
3222
1370
4076
1864
3165
3643
4574
3835
3269
3862
2132
48
1914
259
1186
4799
4750
1274
547
1534
4064
4545
4618
4654
1034
1048
777
3841
322
2865
1727
2238
4536
4679
567
3150
715
3231
4907
893
2724
1368
2546
4049
2401
2777
149
4700
1937
899
1024
3341
2331
3219
1085
3632
3972
4219
571
5313
1801
1666
2559
4047
5214
2061
3956
2740
3934
2440
3686
1403
6619
3116
2652
56
3425
1929
2458
3345
1463
2095
3785
4440
2891
2064
4747
552
3488
1743
1115
5402
2208
3932
1075
1949
3710
39
1720
2065
1166
3635
4292
557
2659
3528
1094
844
3890
1712
942
4222
2620
3477
4906
3133
4800
2029
4069
278
2905
2961
1002
1154
4072
1125
2194
2704
3611
4776
205
4690
4818
581
4736
577
4569
1880
4719
1497
2139
387
823
3107
323
961
1910
4215
4638
2180
1623
3406
2149
2031
459
3582
1429
2224
348
4817
1673
4370
4278
4717
2669
2164
1535
1836
1459
903
3162
3468
160
3807
2017
1882
8
1747
695
4698
4701
1296
1367
1452
1605
692
3449
951
4112
1054
2323
1563
1833
4438
2691
440
284
826
3960
2028
7970
5275
4146
2965
2873
3712
2751
17
2441
3774
3021
4309
2906
1580
525
1904
3182
904
3160
2075
2280
2324
2510
3421
4257
3295
1942
967
1087
201
2163
1738
3409
3816
4666
2797
3535
2217
1167
3910
1378
1935
4384
4347
4535
3330
4785
1171
4551
2859
3689
1922
4191
2060
2870
3780
3157
4121
4290
102
3287
11943
1831
2348
3659
4763
2982
2682
319
2582
3069
238
709
4285
1069
1105
4022
2851
4735
5247
4202
3177
1449
4070
297
4655
292
233
1355
3083
3144
3476
4559
2726
1830
1842
3304
1700
2716
10798
1889
11034
1245
3817
1326
1116
3628
728
3204
1442
4683
1018
3258
247
3190
3500
4322
576
5249
3704
1077
2884
2609
1291
4002
2670
821
2653
2109
4122
4194
1973
6698
2452
3612
1702
1181
2577
1983
3657
81
4487
1212
2186
3320
1531
3834
1204
783
2070
239
1760
1813
1406
1313
838
4528
407
4359
1132
3201
3634
648
564
143
79
3041
2855
3569
1155
3071
490
494
1466
4335
3012
186
2663
3383
2565
2260
1529
3030
3317
3011
4230
1778
1
2228
3467
4585
1150
318
793
2697
561
20
4518
2345
1376
4048
1948
4293
1220
2830
1843
2219
4725
3677
2024
3342
3423
3244
2230
2815
4259
4087
2662
395
2298
4332
5223
275
3461
3462
3129
1823
1067
2320
752
1086
1912
225
235
1677
3242
2999
746
1993
4674
3839
4671
252
4500
4220
855
3888
1810
417
4084
2130
2039
1795
2001
4439
3613
4306
875
1687
3567
1025
4321
4592
4770
2551
3292
3614
1417
1694
9276
2880
4423
264
662
4152
4718
3218
1121
4178
469
3260
2196
767
1618
3136
5126
137
4233
583
1586
608
4629
674
3937
76
1341
4329
378
1781
2655
3979
1629
3992
898
119
3412
2193
2618
3277
2317
